################ Iteration:1 (Step=1) ##################
I1= 76
I2= 52
I3= 3
V= 1.91
gamma= 15
E_RMS= 0.196229
Theoretical dataset:
0.273881 , 0.597913 , 0.972878 , 1.39923 , 1.87727 , 2.40718 , 2.9891 , 3.62315 , 4.30939 , 5.04789 , 5.83869 , 6.68183 , 7.57735 , 8.52526 , 9.5256 , 10.5784 , 11.6836 , 12.8413 , 14.0515 , 15.3142 , 16.6294 , 1.28145 , 1.73543 , 2.24054 , 2.7972 , 3.4057 , 4.06621 , 4.77888 , 5.5438 , 6.36103 , 7.23061 , 8.1526 , 9.12702 , 10.1539 , 11.2332 , 12.365 , 13.5494 , 14.7862 , 2.07163 , 2.60381 , 3.18722 , 3.82229 , 4.50928 , 5.24838 , 6.03971 , 6.88336 , 7.77939 , 8.72785 , 9.72877 , 10.7822 , 11.8881 , 13.0465 , 3.95974 , 4.67211 , 5.43675 , 6.25372 , 7.12304 , 8.04475 , 9.01888 , 10.0454 , 11.1244 , 12.2559 , 
################ Iteration:2 (Step=1) ##################
I1= 76
I2= 52
I3= 3
V= 1.91
gamma= 16
E_RMS= 0.196314
Theoretical dataset:
0.273482 , 0.597173 , 0.971835 , 1.39791 , 1.8757 , 2.40538 , 2.98709 , 3.62093 , 4.30698 , 5.0453 , 5.83593 , 6.67891 , 7.57427 , 8.52204 , 9.52224 , 10.5749 , 11.68 , 12.8376 , 14.0477 , 15.3102 , 16.6253 , 1.28675 , 1.74116 , 2.24664 , 2.80362 , 3.41239 , 4.07313 , 4.786 , 5.55108 , 6.36845 , 7.23816 , 8.16025 , 9.13475 , 10.1617 , 11.2411 , 12.373 , 13.5573 , 14.7942 , 2.08441 , 2.61759 , 3.20187 , 3.83769 , 4.52534 , 5.26502 , 6.05686 , 6.90097 , 7.79741 , 8.74623 , 9.74747 , 10.8012 , 11.9073 , 13.066 , 3.95743 , 4.6696 , 5.43407 , 6.25087 , 7.12004 , 8.0416 , 9.01559 , 10.042 , 11.1209 , 12.2522 , 
################ Iteration:3 (Step=1) ##################
I1= 76
I2= 52
I3= 3
V= 1.81
gamma= 17
E_RMS= 0.196228
Theoretical dataset:
0.273297 , 0.596811 , 0.971303 , 1.39722 , 1.87484 , 2.40435 , 2.98591 , 3.61959 , 4.30549 , 5.04366 , 5.83414 , 6.67698 , 7.57221 , 8.51984 , 9.5199 , 10.5724 , 11.6774 , 12.8349 , 14.0448 , 15.3073 , 16.6223 , 1.27951 , 1.73326 , 2.2381 , 2.79445 , 3.40261 , 4.06276 , 4.77505 , 5.53956 , 6.35638 , 7.22555 , 8.14712 , 9.12111 , 10.1475 , 11.2265 , 12.3579 , 13.5418 , 14.7782 , 2.06931 , 2.60136 , 3.18455 , 3.81931 , 4.50593 , 5.2446 , 6.03547 , 6.87861 , 7.77412 , 8.72202 , 9.72237 , 10.7752 , 11.8805 , 13.0383 , 3.95601 , 4.66804 , 5.43236 , 6.24902 , 7.11804 , 8.03947 , 9.01332 , 10.0396 , 11.1184 , 12.2496 , 
################ Iteration:4 (Step=1) ##################
I1= 76
I2= 52
I3= 3
V= 1.81
gamma= 18
E_RMS= 0.196183
Theoretical dataset:
0.27294 , 0.596148 , 0.970369 , 1.39604 , 1.87344 , 2.40275 , 2.98411 , 3.61762 , 4.30335 , 5.04136 , 5.83169 , 6.67439 , 7.56948 , 8.51698 , 9.51693 , 10.5693 , 11.6742 , 12.8316 , 14.0414 , 15.3038 , 16.6187 , 1.28404 , 1.73818 , 2.24335 , 2.8 , 3.40841 , 4.06878 , 4.78126 , 5.54594 , 6.3629 , 7.23219 , 8.15387 , 9.12795 , 10.1545 , 11.2335 , 12.3649 , 13.5489 , 14.7854 , 2.08031 , 2.61326 , 3.19725 , 3.83271 , 4.51994 , 5.25916 , 6.05051 , 6.8941 , 7.78999 , 8.73825 , 9.73892 , 10.792 , 11.8976 , 13.0557 , 3.95395 , 4.66582 , 5.42998 , 6.24649 , 7.11538 , 8.03668 , 9.0104 , 10.0366 , 11.1152 , 12.2463 , 
################ Iteration:5 (Step=1) ##################
I1= 76
I2= 52
I3= 3
V= 1.81
gamma= 19
E_RMS= 0.196444
Theoretical dataset:
0.272599 , 0.595515 , 0.969478 , 1.39491 , 1.8721 , 2.40122 , 2.98239 , 3.61573 , 4.3013 , 5.03916 , 5.82935 , 6.67192 , 7.56688 , 8.51426 , 9.51409 , 10.5664 , 11.6712 , 12.8284 , 14.0382 , 15.3004 , 16.6152 , 1.28826 , 1.74277 , 2.24828 , 2.80522 , 3.41389 , 4.07449 , 4.78716 , 5.55201 , 6.36912 , 7.23855 , 8.16034 , 9.13454 , 10.1612 , 11.2402 , 12.3718 , 13.5558 , 14.7923 , 2.09063 , 2.62447 , 3.20923 , 3.84538 , 4.53324 , 5.27301 , 6.06486 , 6.90889 , 7.80518 , 8.75381 , 9.75481 , 10.8082 , 11.9141 , 13.0724 , 3.95198 , 4.66369 , 5.42771 , 6.24409 , 7.11284 , 8.03401 , 9.00762 , 10.0337 , 11.1122 , 12.2432 , 
################ Iteration:6 (Step=1) ##################
I1= 76
I2= 52
I3= 3
V= 1.71
gamma= 20
E_RMS= 0.196243
Theoretical dataset:
0.272488 , 0.595293 , 0.969145 , 1.39447 , 1.87154 , 2.40055 , 2.98161 , 3.61484 , 4.3003 , 5.03805 , 5.82813 , 6.67058 , 7.56544 , 8.51272 , 9.51245 , 10.5646 , 11.6693 , 12.8265 , 14.0361 , 15.2983 , 16.613 , 1.27937 , 1.73309 , 2.23784 , 2.79405 , 3.40202 , 4.06195 , 4.77398 , 5.5382 , 6.35471 , 7.22356 , 8.14479 , 9.11843 , 10.1445 , 11.2231 , 12.3541 , 13.5377 , 14.7737 , 2.07171 , 2.60414 , 3.18756 , 3.82243 , 4.50906 , 5.24765 , 6.03836 , 6.88129 , 7.77653 , 8.72413 , 9.72414 , 10.7766 , 11.8815 , 13.0389 , 3.95104 , 4.66263 , 5.42654 , 6.24281 , 7.11146 , 8.03253 , 9.00603 , 10.032 , 11.1104 , 12.2413 , 
################ Iteration:7 (Step=1) ##################
I1= 76
I2= 52
I3= 3
V= 1.71
gamma= 21
E_RMS= 0.196233
Theoretical dataset:
0.272179 , 0.594719 , 0.968337 , 1.39345 , 1.87033 , 2.39916 , 2.98006 , 3.61314 , 4.29845 , 5.03607 , 5.82602 , 6.66836 , 7.5631 , 8.51027 , 9.5099 , 10.562 , 11.6666 , 12.8236 , 14.0332 , 15.2953 , 16.61 , 1.28301 , 1.73706 , 2.24211 , 2.79859 , 3.40679 , 4.06692 , 4.77913 , 5.54352 , 6.36017 , 7.22914 , 8.15048 , 9.12423 , 10.1504 , 11.229 , 12.3602 , 13.5438 , 14.7799 , 2.08067 , 2.61388 , 3.19801 , 3.83351 , 4.5207 , 5.2598 , 6.05097 , 6.89431 , 7.78992 , 8.73786 , 9.73818 , 10.7909 , 11.8961 , 13.0538 , 3.94926 , 4.66072 , 5.4245 , 6.24064 , 7.10918 , 8.03013 , 9.00353 , 10.0294 , 11.1077 , 12.2385 , 
################ Iteration:8 (Step=1) ##################
I1= 76
I2= 51
I3= 3
V= 1.61
gamma= 22
E_RMS= 0.196294
Theoretical dataset:
0.273273 , 0.596956 , 0.971754 , 1.39808 , 1.8762 , 2.40628 , 2.98845 , 3.62281 , 4.30943 , 5.04835 , 5.83963 , 6.6833 , 7.57938 , 8.52789 , 9.52887 , 10.5823 , 11.6883 , 12.8467 , 14.0577 , 15.3212 , 16.6372 , 1.27925 , 1.73427 , 2.24035 , 2.79792 , 3.40725 , 4.06855 , 4.78195 , 5.54756 , 6.36544 , 7.23566 , 8.15827 , 9.13329 , 10.1608 , 11.2407 , 12.3731 , 13.558 , 14.7954 , 2.07046 , 2.60451 , 3.18956 , 3.82605 , 4.51429 , 5.25448 , 6.04676 , 6.89125 , 7.78803 , 8.73716 , 9.73868 , 10.7926 , 11.899 , 13.0579 , 3.95959 , 4.67235 , 5.43745 , 6.25491 , 7.12478 , 8.04708 , 9.02182 , 10.049 , 11.1287 , 12.2609 , 
################ Iteration:9 (Step=1) ##################
I1= 76
I2= 51
I3= 3
V= 1.61
gamma= 23
E_RMS= 0.196406
Theoretical dataset:
0.27299 , 0.596431 , 0.971016 , 1.39715 , 1.87509 , 2.40502 , 2.98704 , 3.62127 , 4.30775 , 5.04656 , 5.83772 , 6.68128 , 7.57725 , 8.52568 , 9.52656 , 10.5799 , 11.6858 , 12.8442 , 14.055 , 15.3185 , 16.6344 , 1.28246 , 1.73778 , 2.24413 , 2.80193 , 3.41148 , 4.07297 , 4.78654 , 5.55229 , 6.37031 , 7.24065 , 8.16336 , 9.13848 , 10.166 , 11.246 , 12.3785 , 13.5635 , 14.801 , 2.0784 , 2.61316 , 3.19885 , 3.83592 , 4.52467 , 5.26532 , 6.05803 , 6.9029 , 7.80003 , 8.74947 , 9.75128 , 10.8055 , 11.9122 , 13.0713 , 3.95797 , 4.67061 , 5.43559 , 6.25295 , 7.12271 , 8.04491 , 9.01956 , 10.0467 , 11.1263 , 12.2584 , 
################ Iteration:10 (Step=1) ##################
I1= 76
I2= 52
I3= 3
V= 1.61
gamma= 24
E_RMS= 0.196377
Theoretical dataset:
0.271563 , 0.59356 , 0.966687 , 1.39135 , 1.86781 , 2.39624 , 2.97677 , 3.60949 , 4.29447 , 5.03176 , 5.8214 , 6.66344 , 7.5579 , 8.5048 , 9.50416 , 10.556 , 11.6603 , 12.8172 , 14.0265 , 15.2884 , 16.6028 , 1.279 , 1.73274 , 2.23747 , 2.79362 , 3.40147 , 4.06125 , 4.77309 , 5.5371 , 6.35337 , 7.22196 , 8.14292 , 9.11628 , 10.1421 , 11.2203 , 12.3511 , 13.5343 , 14.7701 , 2.07414 , 2.60713 , 3.19099 , 3.82617 , 4.51301 , 5.25171 , 6.04245 , 6.88535 , 7.78049 , 8.72794 , 9.72777 , 10.78 , 11.8847 , 13.0418 , 3.94544 , 4.65657 , 5.42003 , 6.23587 , 7.10412 , 8.02479 , 8.99792 , 10.0235 , 11.1016 , 12.2322 , 
################ Iteration:11 (Step=1) ##################
I1= 76
I2= 51
I3= 3
V= 1.51
gamma= 25
E_RMS= 0.196255
Theoretical dataset:
0.272716 , 0.595906 , 0.970259 , 1.39617 , 1.8739 , 2.40363 , 2.98546 , 3.61949 , 4.3058 , 5.04443 , 5.83542 , 6.67881 , 7.57463 , 8.5229 , 9.52363 , 10.5769 , 11.6826 , 12.8408 , 14.0516 , 15.3148 , 16.6307 , 1.27382 , 1.72841 , 2.23406 , 2.79119 , 3.40009 , 4.06094 , 4.7739 , 5.53906 , 6.3565 , 7.22628 , 8.14845 , 9.12304 , 10.1501 , 11.2296 , 12.3616 , 13.5461 , 14.7831 , 2.06064 , 2.59421 , 3.17876 , 3.81472 , 4.5024 , 5.242 , 6.0337 , 6.87759 , 7.77376 , 8.72227 , 9.72318 , 10.7765 , 11.8823 , 13.0406 , 3.95611 , 4.66857 , 5.43337 , 6.25056 , 7.12017 , 8.04221 , 9.01671 , 10.0437 , 11.1232 , 12.2551 , 
