1 21 11
1 21 11
1 21 11
1 21 11
1 21 11
1 26 11
1 26 11
1 26 11
1 26 11
1 26 11
1 26 16
1 26 16
1 26 16
1 26 16
1 26 16
1 31 11
1 31 11
1 31 11
1 31 11
1 31 11
1 31 16
1 31 16
1 31 16
1 31 16
1 31 16
1 31 21
1 31 21
1 31 21
1 31 21
1 31 21
1 36 11
1 36 11
1 36 11
1 36 11
1 36 11
1 36 16
1 36 16
1 36 16
1 36 16
1 36 16
1 36 21
1 36 21
1 36 21
1 36 21
1 36 21
1 36 26
1 36 26
1 36 26
1 36 26
1 36 26
1 41 11
1 41 11
1 41 11
1 41 11
1 41 11
1 41 16
1 41 16
1 41 16
1 41 16
1 41 16
1 41 21
1 41 21
1 41 21
1 41 21
1 41 21
1 41 26
1 41 26
1 41 26
1 41 26
1 41 26
1 41 31
1 41 31
1 41 31
1 41 31
1 41 31
1 46 11
1 46 11
1 46 11
1 46 11
1 46 11
1 46 16
1 46 16
1 46 16
1 46 16
1 46 16
1 46 21
1 46 21
1 46 21
1 46 21
1 46 21
1 46 26
1 46 26
1 46 26
1 46 26
1 46 26
1 46 31
1 46 31
1 46 31
1 46 31
1 46 31
1 46 36
1 46 36
1 46 36
1 46 36
1 46 36
1 51 11
1 51 11
1 51 11
1 51 11
1 51 11
1 51 16
1 51 16
1 51 16
1 51 16
1 51 16
1 51 21
1 51 21
1 51 21
1 51 21
1 51 21
1 51 26
1 51 26
1 51 26
1 51 26
1 51 26
1 51 31
1 51 31
1 51 31
1 51 31
1 51 31
1 51 36
1 51 36
1 51 36
1 51 36
1 51 36
1 51 41
1 51 41
1 51 41
1 51 41
1 51 41
1 56 11
1 56 11
1 56 11
1 56 11
1 56 11
1 56 16
1 56 16
1 56 16
1 56 16
1 56 16
1 56 21
1 56 21
1 56 21
1 56 21
1 56 21
1 56 26
1 56 26
1 56 26
1 56 26
1 56 26
1 56 31
1 56 31
1 56 31
1 56 31
1 56 31
1 56 36
1 56 36
1 56 36
1 56 36
1 56 36
1 56 41
1 56 41
1 56 41
1 56 41
1 56 41
1 56 46
1 56 46
1 56 46
1 56 46
1 56 46
1 61 11
1 61 11
1 61 11
1 61 11
1 61 11
1 61 16
1 61 16
1 61 16
1 61 16
1 61 16
1 61 21
1 61 21
1 61 21
1 61 21
1 61 21
1 61 26
1 61 26
1 61 26
1 61 26
1 61 26
1 61 31
1 61 31
1 61 31
1 61 31
1 61 31
1 61 36
1 61 36
1 61 36
1 61 36
1 61 36
1 61 41
1 61 41
1 61 41
1 61 41
1 61 41
1 61 46
1 61 46
1 61 46
1 61 46
1 61 46
1 61 51
1 61 51
1 61 51
1 61 51
1 61 51
1 66 11
1 66 11
1 66 11
1 66 11
1 66 11
1 66 16
1 66 16
1 66 16
1 66 16
1 66 16
1 66 21
1 66 21
1 66 21
1 66 21
1 66 21
1 66 26
1 66 26
1 66 26
1 66 26
1 66 26
1 66 31
1 66 31
1 66 31
1 66 31
1 66 31
1 66 36
1 66 36
1 66 36
1 66 36
1 66 36
1 66 41
1 66 41
1 66 41
1 66 41
1 66 41
1 66 46
1 66 46
1 66 46
1 66 46
1 66 46
1 66 51
1 66 51
1 66 51
1 66 51
1 66 51
1 66 56
1 66 56
1 66 56
1 66 56
1 66 56
1 71 11
1 71 11
1 71 11
1 71 11
1 71 11
1 71 16
1 71 16
1 71 16
1 71 16
1 71 16
1 71 21
1 71 21
1 71 21
1 71 21
1 71 21
1 71 26
1 71 26
1 71 26
1 71 26
1 71 26
1 71 31
1 71 31
1 71 31
1 71 31
1 71 31
1 71 36
1 71 36
1 71 36
1 71 36
1 71 36
1 71 41
1 71 41
1 71 41
1 71 41
1 71 41
1 71 46
1 71 46
1 71 46
1 71 46
1 71 46
1 71 51
1 71 51
1 71 51
1 71 51
1 71 51
1 71 56
1 71 56
1 71 56
1 71 56
1 71 56
1 71 61
1 71 61
1 71 61
1 71 61
1 71 61
1 76 11
1 76 11
1 76 11
1 76 11
1 76 11
1 76 16
1 76 16
1 76 16
1 76 16
1 76 16
1 76 21
1 76 21
1 76 21
1 76 21
1 76 21
1 76 26
1 76 26
1 76 26
1 76 26
1 76 26
1 76 31
1 76 31
1 76 31
1 76 31
1 76 31
1 76 36
1 76 36
1 76 36
1 76 36
1 76 36
1 76 41
1 76 41
1 76 41
1 76 41
1 76 41
1 76 46
1 76 46
1 76 46
1 76 46
1 76 46
1 76 51
1 76 51
1 76 51
1 76 51
1 76 51
1 76 56
1 76 56
1 76 56
1 76 56
1 76 56
1 76 61
1 76 61
1 76 61
1 76 61
1 76 61
1 76 66
1 76 66
1 76 66
1 76 66
1 76 66
1 81 11
1 81 11
1 81 11
1 81 11
1 81 11
1 81 16
1 81 16
1 81 16
1 81 16
1 81 16
1 81 21
1 81 21
1 81 21
1 81 21
1 81 21
1 81 26
1 81 26
1 81 26
1 81 26
1 81 26
1 81 31
1 81 31
1 81 31
1 81 31
1 81 31
1 81 36
1 81 36
1 81 36
1 81 36
1 81 36
1 81 41
1 81 41
1 81 41
1 81 41
1 81 41
1 81 46
1 81 46
1 81 46
1 81 46
1 81 46
1 81 51
1 81 51
1 81 51
1 81 51
1 81 51
1 81 56
1 81 56
1 81 56
1 81 56
1 81 56
1 81 61
1 81 61
1 81 61
1 81 61
1 81 61
1 81 66
1 81 66
1 81 66
1 81 66
1 81 66
1 81 71
1 81 71
1 81 71
1 81 71
1 81 71
1 86 11
1 86 11
1 86 11
1 86 11
1 86 11
1 86 16
1 86 16
1 86 16
1 86 16
1 86 16
1 86 21
1 86 21
1 86 21
1 86 21
1 86 21
1 86 26
1 86 26
1 86 26
1 86 26
1 86 26
1 86 31
1 86 31
1 86 31
1 86 31
1 86 31
1 86 36
1 86 36
1 86 36
1 86 36
1 86 36
1 86 41
1 86 41
1 86 41
1 86 41
1 86 41
1 86 46
1 86 46
1 86 46
1 86 46
1 86 46
1 86 51
1 86 51
1 86 51
1 86 51
1 86 51
1 86 56
1 86 56
1 86 56
1 86 56
1 86 56
1 86 61
1 86 61
1 86 61
1 86 61
1 86 61
1 86 66
1 86 66
1 86 66
1 86 66
1 86 66
1 86 71
1 86 71
1 86 71
1 86 71
1 86 71
1 86 76
1 86 76
1 86 76
1 86 76
1 86 76
1 91 11
1 91 11
1 91 11
1 91 11
1 91 11
1 91 16
1 91 16
1 91 16
1 91 16
1 91 16
1 91 21
1 91 21
1 91 21
1 91 21
1 91 21
1 91 26
1 91 26
1 91 26
1 91 26
1 91 26
1 91 31
1 91 31
1 91 31
1 91 31
1 91 31
1 91 36
1 91 36
1 91 36
1 91 36
1 91 36
1 91 41
1 91 41
1 91 41
1 91 41
1 91 41
1 91 46
1 91 46
1 91 46
1 91 46
1 91 46
1 91 51
1 91 51
1 91 51
1 91 51
1 91 51
1 91 56
1 91 56
1 91 56
1 91 56
1 91 56
1 91 61
1 91 61
1 91 61
1 91 61
1 91 61
1 91 66
1 91 66
1 91 66
1 91 66
1 91 66
1 91 71
1 91 71
1 91 71
1 91 71
1 91 71
1 91 76
1 91 76
1 91 76
1 91 76
1 91 76
1 91 81
1 91 81
1 91 81
1 91 81
1 91 81
1 96 11
1 96 11
1 96 11
1 96 11
1 96 11
1 96 16
1 96 16
1 96 16
1 96 16
1 96 16
1 96 21
1 96 21
1 96 21
1 96 21
1 96 21
1 96 26
1 96 26
1 96 26
1 96 26
1 96 26
1 96 31
1 96 31
1 96 31
1 96 31
1 96 31
1 96 36
1 96 36
1 96 36
1 96 36
1 96 36
1 96 41
1 96 41
1 96 41
1 96 41
1 96 41
1 96 46
1 96 46
1 96 46
1 96 46
1 96 46
1 96 51
1 96 51
1 96 51
1 96 51
1 96 51
1 96 56
1 96 56
1 96 56
1 96 56
1 96 56
1 96 61
1 96 61
1 96 61
1 96 61
1 96 61
1 96 66
1 96 66
1 96 66
1 96 66
1 96 66
1 96 71
1 96 71
1 96 71
1 96 71
1 96 71
1 96 76
1 96 76
1 96 76
1 96 76
1 96 76
1 96 81
1 96 81
1 96 81
1 96 81
1 96 81
1 96 86
1 96 86
1 96 86
1 96 86
1 96 86
6 26 16
6 26 16
6 26 16
6 26 16
6 26 16
6 31 16
6 31 16
6 31 16
6 31 16
6 31 16
6 31 21
6 31 21
6 31 21
6 31 21
6 31 21
6 36 16
6 36 16
6 36 16
6 36 16
6 36 16
6 36 21
6 36 21
6 36 21
6 36 21
6 36 21
6 36 26
6 36 26
6 36 26
6 36 26
6 36 26
6 41 16
6 41 16
6 41 16
6 41 16
6 41 16
6 41 21
6 41 21
6 41 21
6 41 21
6 41 21
6 41 26
6 41 26
6 41 26
6 41 26
6 41 26
6 41 31
6 41 31
6 41 31
6 41 31
6 41 31
6 46 16
6 46 16
6 46 16
6 46 16
6 46 16
6 46 21
6 46 21
6 46 21
6 46 21
6 46 21
6 46 26
6 46 26
6 46 26
6 46 26
6 46 26
6 46 31
6 46 31
6 46 31
6 46 31
6 46 31
6 46 36
6 46 36
6 46 36
6 46 36
6 46 36
6 51 16
6 51 16
6 51 16
6 51 16
6 51 16
6 51 21
6 51 21
6 51 21
6 51 21
6 51 21
6 51 26
6 51 26
6 51 26
6 51 26
6 51 26
6 51 31
6 51 31
6 51 31
6 51 31
6 51 31
6 51 36
6 51 36
6 51 36
6 51 36
6 51 36
6 51 41
6 51 41
6 51 41
6 51 41
6 51 41
6 56 16
6 56 16
6 56 16
6 56 16
6 56 16
6 56 21
6 56 21
6 56 21
6 56 21
6 56 21
6 56 26
6 56 26
6 56 26
6 56 26
6 56 26
6 56 31
6 56 31
6 56 31
6 56 31
6 56 31
6 56 36
6 56 36
6 56 36
6 56 36
6 56 36
6 56 41
6 56 41
6 56 41
6 56 41
6 56 41
6 56 46
6 56 46
6 56 46
6 56 46
6 56 46
6 61 16
6 61 16
6 61 16
6 61 16
6 61 16
6 61 21
6 61 21
6 61 21
6 61 21
6 61 21
6 61 26
6 61 26
6 61 26
6 61 26
6 61 26
6 61 31
6 61 31
6 61 31
6 61 31
6 61 31
6 61 36
6 61 36
6 61 36
6 61 36
6 61 36
6 61 41
6 61 41
6 61 41
6 61 41
6 61 41
6 61 46
6 61 46
6 61 46
6 61 46
6 61 46
6 61 51
6 61 51
6 61 51
6 61 51
6 61 51
6 66 16
6 66 16
6 66 16
6 66 16
6 66 16
6 66 21
6 66 21
6 66 21
6 66 21
6 66 21
6 66 26
6 66 26
6 66 26
6 66 26
6 66 26
6 66 31
6 66 31
6 66 31
6 66 31
6 66 31
6 66 36
6 66 36
6 66 36
6 66 36
6 66 36
6 66 41
6 66 41
6 66 41
6 66 41
6 66 41
6 66 46
6 66 46
6 66 46
6 66 46
6 66 46
6 66 51
6 66 51
6 66 51
6 66 51
6 66 51
6 66 56
6 66 56
6 66 56
6 66 56
6 66 56
6 71 16
6 71 16
6 71 16
6 71 16
6 71 16
6 71 21
6 71 21
6 71 21
6 71 21
6 71 21
6 71 26
6 71 26
6 71 26
6 71 26
6 71 26
6 71 31
6 71 31
6 71 31
6 71 31
6 71 31
6 71 36
6 71 36
6 71 36
6 71 36
6 71 36
6 71 41
6 71 41
6 71 41
6 71 41
6 71 41
6 71 46
6 71 46
6 71 46
6 71 46
6 71 46
6 71 51
6 71 51
6 71 51
6 71 51
6 71 51
6 71 56
6 71 56
6 71 56
6 71 56
6 71 56
6 71 61
6 71 61
6 71 61
6 71 61
6 71 61
6 76 16
6 76 16
6 76 16
6 76 16
6 76 16
6 76 21
6 76 21
6 76 21
6 76 21
6 76 21
6 76 26
6 76 26
6 76 26
6 76 26
6 76 26
6 76 31
6 76 31
6 76 31
6 76 31
6 76 31
6 76 36
6 76 36
6 76 36
6 76 36
6 76 36
6 76 41
6 76 41
6 76 41
6 76 41
6 76 41
6 76 46
6 76 46
6 76 46
6 76 46
6 76 46
6 76 51
6 76 51
6 76 51
6 76 51
6 76 51
6 76 56
6 76 56
6 76 56
6 76 56
6 76 56
6 76 61
6 76 61
6 76 61
6 76 61
6 76 61
6 76 66
6 76 66
6 76 66
6 76 66
6 76 66
6 81 16
6 81 16
6 81 16
6 81 16
6 81 16
6 81 21
6 81 21
6 81 21
6 81 21
6 81 21
6 81 26
6 81 26
6 81 26
6 81 26
6 81 26
6 81 31
6 81 31
6 81 31
6 81 31
6 81 31
6 81 36
6 81 36
6 81 36
6 81 36
6 81 36
6 81 41
6 81 41
6 81 41
6 81 41
6 81 41
6 81 46
6 81 46
6 81 46
6 81 46
6 81 46
6 81 51
6 81 51
6 81 51
6 81 51
6 81 51
6 81 56
6 81 56
6 81 56
6 81 56
6 81 56
6 81 61
6 81 61
6 81 61
6 81 61
6 81 61
6 81 66
6 81 66
6 81 66
6 81 66
6 81 66
6 81 71
6 81 71
6 81 71
6 81 71
6 81 71
6 86 16
6 86 16
6 86 16
6 86 16
6 86 16
6 86 21
6 86 21
6 86 21
6 86 21
6 86 21
6 86 26
6 86 26
6 86 26
6 86 26
6 86 26
6 86 31
6 86 31
6 86 31
6 86 31
6 86 31
6 86 36
6 86 36
6 86 36
6 86 36
6 86 36
6 86 41
6 86 41
6 86 41
6 86 41
6 86 41
6 86 46
6 86 46
6 86 46
6 86 46
6 86 46
6 86 51
6 86 51
6 86 51
6 86 51
6 86 51
6 86 56
6 86 56
6 86 56
6 86 56
6 86 56
6 86 61
6 86 61
6 86 61
6 86 61
6 86 61
6 86 66
6 86 66
6 86 66
6 86 66
6 86 66
6 86 71
6 86 71
6 86 71
6 86 71
6 86 71
6 86 76
6 86 76
6 86 76
6 86 76
6 86 76
6 91 16
6 91 16
6 91 16
6 91 16
6 91 16
6 91 21
6 91 21
6 91 21
6 91 21
6 91 21
6 91 26
6 91 26
6 91 26
6 91 26
6 91 26
6 91 31
6 91 31
6 91 31
6 91 31
6 91 31
6 91 36
6 91 36
6 91 36
6 91 36
6 91 36
6 91 41
6 91 41
6 91 41
6 91 41
6 91 41
6 91 46
6 91 46
6 91 46
6 91 46
6 91 46
6 91 51
6 91 51
6 91 51
6 91 51
6 91 51
6 91 56
6 91 56
6 91 56
6 91 56
6 91 56
6 91 61
6 91 61
6 91 61
6 91 61
6 91 61
6 91 66
6 91 66
6 91 66
6 91 66
6 91 66
6 91 71
6 91 71
6 91 71
6 91 71
6 91 71
6 91 76
6 91 76
6 91 76
6 91 76
6 91 76
6 91 81
6 91 81
6 91 81
6 91 81
6 91 81
6 96 16
6 96 16
6 96 16
6 96 16
6 96 16
6 96 21
6 96 21
6 96 21
6 96 21
6 96 21
6 96 26
6 96 26
6 96 26
6 96 26
6 96 26
6 96 31
6 96 31
6 96 31
6 96 31
6 96 31
6 96 36
6 96 36
6 96 36
6 96 36
6 96 36
6 96 41
6 96 41
6 96 41
6 96 41
6 96 41
6 96 46
6 96 46
6 96 46
6 96 46
6 96 46
6 96 51
6 96 51
6 96 51
6 96 51
6 96 51
6 96 56
6 96 56
6 96 56
6 96 56
6 96 56
6 96 61
6 96 61
6 96 61
6 96 61
6 96 61
6 96 66
6 96 66
6 96 66
6 96 66
6 96 66
6 96 71
6 96 71
6 96 71
6 96 71
6 96 71
6 96 76
6 96 76
6 96 76
6 96 76
6 96 76
6 96 81
6 96 81
6 96 81
6 96 81
6 96 81
6 96 86
6 96 86
6 96 86
6 96 86
6 96 86
11 21 1
11 21 1
11 21 1
11 21 1
11 21 1
11 26 1
11 26 1
11 26 1
11 26 1
11 26 1
11 31 1
11 31 1
11 31 1
11 31 1
11 31 1
11 31 21
11 31 21
11 31 21
11 31 21
11 31 21
11 36 1
11 36 1
11 36 1
11 36 1
11 36 1
11 36 21
11 36 21
11 36 21
11 36 21
11 36 21
11 36 26
11 36 26
11 36 26
11 36 26
11 36 26
11 41 1
11 41 1
11 41 1
11 41 1
11 41 1
11 41 21
11 41 21
11 41 21
11 41 21
11 41 21
11 41 26
11 41 26
11 41 26
11 41 26
11 41 26
11 41 31
11 41 31
11 41 31
11 41 31
11 41 31
11 46 1
11 46 1
11 46 1
11 46 1
11 46 1
11 46 21
11 46 21
11 46 21
11 46 21
11 46 21
11 46 26
11 46 26
11 46 26
11 46 26
11 46 26
11 46 31
11 46 31
11 46 31
11 46 31
11 46 31
11 46 36
11 46 36
11 46 36
11 46 36
11 46 36
11 51 1
11 51 1
11 51 1
11 51 1
11 51 1
11 51 21
11 51 21
11 51 21
11 51 21
11 51 21
11 51 26
11 51 26
11 51 26
11 51 26
11 51 26
11 51 31
11 51 31
11 51 31
11 51 31
11 51 31
11 51 36
11 51 36
11 51 36
11 51 36
11 51 36
11 51 41
11 51 41
11 51 41
11 51 41
11 51 41
11 56 1
11 56 1
11 56 1
11 56 1
11 56 1
11 56 21
11 56 21
11 56 21
11 56 21
11 56 21
11 56 26
11 56 26
11 56 26
11 56 26
11 56 26
11 56 31
11 56 31
11 56 31
11 56 31
11 56 31
11 56 36
11 56 36
11 56 36
11 56 36
11 56 36
11 56 41
11 56 41
11 56 41
11 56 41
11 56 41
11 56 46
11 56 46
11 56 46
11 56 46
11 56 46
11 61 1
11 61 1
11 61 1
11 61 1
11 61 1
11 61 21
11 61 21
11 61 21
11 61 21
11 61 21
11 61 26
11 61 26
11 61 26
11 61 26
11 61 26
11 61 31
11 61 31
11 61 31
11 61 31
11 61 31
11 61 36
11 61 36
11 61 36
11 61 36
11 61 36
11 61 41
11 61 41
11 61 41
11 61 41
11 61 41
11 61 46
11 61 46
11 61 46
11 61 46
11 61 46
11 61 51
11 61 51
11 61 51
11 61 51
11 61 51
11 66 1
11 66 1
11 66 1
11 66 1
11 66 1
11 66 21
11 66 21
11 66 21
11 66 21
11 66 21
11 66 26
11 66 26
11 66 26
11 66 26
11 66 26
11 66 31
11 66 31
11 66 31
11 66 31
11 66 31
11 66 36
11 66 36
11 66 36
11 66 36
11 66 36
11 66 41
11 66 41
11 66 41
11 66 41
11 66 41
11 66 46
11 66 46
11 66 46
11 66 46
11 66 46
11 66 51
11 66 51
11 66 51
11 66 51
11 66 51
11 66 56
11 66 56
11 66 56
11 66 56
11 66 56
11 71 1
11 71 1
11 71 1
11 71 1
11 71 1
11 71 21
11 71 21
11 71 21
11 71 21
11 71 21
11 71 26
11 71 26
11 71 26
11 71 26
11 71 26
11 71 31
11 71 31
11 71 31
11 71 31
11 71 31
11 71 36
11 71 36
11 71 36
11 71 36
11 71 36
11 71 41
11 71 41
11 71 41
11 71 41
11 71 41
11 71 46
11 71 46
11 71 46
11 71 46
11 71 46
11 71 51
11 71 51
11 71 51
11 71 51
11 71 51
11 71 56
11 71 56
11 71 56
11 71 56
11 71 56
11 71 61
11 71 61
11 71 61
11 71 61
11 71 61
11 76 1
11 76 1
11 76 1
11 76 1
11 76 1
11 76 21
11 76 21
11 76 21
11 76 21
11 76 21
11 76 26
11 76 26
11 76 26
11 76 26
11 76 26
11 76 31
11 76 31
11 76 31
11 76 31
11 76 31
11 76 36
11 76 36
11 76 36
11 76 36
11 76 36
11 76 41
11 76 41
11 76 41
11 76 41
11 76 41
11 76 46
11 76 46
11 76 46
11 76 46
11 76 46
11 76 51
11 76 51
11 76 51
11 76 51
11 76 51
11 76 56
11 76 56
11 76 56
11 76 56
11 76 56
11 76 61
11 76 61
11 76 61
11 76 61
11 76 61
11 76 66
11 76 66
11 76 66
11 76 66
11 76 66
11 81 1
11 81 1
11 81 1
11 81 1
11 81 1
11 81 21
11 81 21
11 81 21
11 81 21
11 81 21
11 81 26
11 81 26
11 81 26
11 81 26
11 81 26
11 81 31
11 81 31
11 81 31
11 81 31
11 81 31
11 81 36
11 81 36
11 81 36
11 81 36
11 81 36
11 81 41
11 81 41
11 81 41
11 81 41
11 81 41
11 81 46
11 81 46
11 81 46
11 81 46
11 81 46
11 81 51
11 81 51
11 81 51
11 81 51
11 81 51
11 81 56
11 81 56
11 81 56
11 81 56
11 81 56
11 81 61
11 81 61
11 81 61
11 81 61
11 81 61
11 81 66
11 81 66
11 81 66
11 81 66
11 81 66
11 81 71
11 81 71
11 81 71
11 81 71
11 81 71
11 86 1
11 86 1
11 86 1
11 86 1
11 86 1
11 86 21
11 86 21
11 86 21
11 86 21
11 86 21
11 86 26
11 86 26
11 86 26
11 86 26
11 86 26
11 86 31
11 86 31
11 86 31
11 86 31
11 86 31
11 86 36
11 86 36
11 86 36
11 86 36
11 86 36
11 86 41
11 86 41
11 86 41
11 86 41
11 86 41
11 86 46
11 86 46
11 86 46
11 86 46
11 86 46
11 86 51
11 86 51
11 86 51
11 86 51
11 86 51
11 86 56
11 86 56
11 86 56
11 86 56
11 86 56
11 86 61
11 86 61
11 86 61
11 86 61
11 86 61
11 86 66
11 86 66
11 86 66
11 86 66
11 86 66
11 86 71
11 86 71
11 86 71
11 86 71
11 86 71
11 86 76
11 86 76
11 86 76
11 86 76
11 86 76
11 91 1
11 91 1
11 91 1
11 91 1
11 91 1
11 91 21
11 91 21
11 91 21
11 91 21
11 91 21
11 91 26
11 91 26
11 91 26
11 91 26
11 91 26
11 91 31
11 91 31
11 91 31
11 91 31
11 91 31
11 91 36
11 91 36
11 91 36
11 91 36
11 91 36
11 91 41
11 91 41
11 91 41
11 91 41
11 91 41
11 91 46
11 91 46
11 91 46
11 91 46
11 91 46
11 91 51
11 91 51
11 91 51
11 91 51
11 91 51
11 91 56
11 91 56
11 91 56
11 91 56
11 91 56
11 91 61
11 91 61
11 91 61
11 91 61
11 91 61
11 91 66
11 91 66
11 91 66
11 91 66
11 91 66
11 91 71
11 91 71
11 91 71
11 91 71
11 91 71
11 91 76
11 91 76
11 91 76
11 91 76
11 91 76
11 91 81
11 91 81
11 91 81
11 91 81
11 91 81
11 96 1
11 96 1
11 96 1
11 96 1
11 96 1
11 96 21
11 96 21
11 96 21
11 96 21
11 96 21
11 96 26
11 96 26
11 96 26
11 96 26
11 96 26
11 96 31
11 96 31
11 96 31
11 96 31
11 96 31
11 96 36
11 96 36
11 96 36
11 96 36
11 96 36
11 96 41
11 96 41
11 96 41
11 96 41
11 96 41
11 96 46
11 96 46
11 96 46
11 96 46
11 96 46
11 96 51
11 96 51
11 96 51
11 96 51
11 96 51
11 96 56
11 96 56
11 96 56
11 96 56
11 96 56
11 96 61
11 96 61
11 96 61
11 96 61
11 96 61
11 96 66
11 96 66
11 96 66
11 96 66
11 96 66
11 96 71
11 96 71
11 96 71
11 96 71
11 96 71
11 96 76
11 96 76
11 96 76
11 96 76
11 96 76
11 96 81
11 96 81
11 96 81
11 96 81
11 96 81
11 96 86
11 96 86
11 96 86
11 96 86
11 96 86
16 26 1
16 26 1
16 26 1
16 26 1
16 26 1
16 26 6
16 26 6
16 26 6
16 26 6
16 26 6
16 31 1
16 31 1
16 31 1
16 31 1
16 31 1
16 31 6
16 31 6
16 31 6
16 31 6
16 31 6
16 36 1
16 36 1
16 36 1
16 36 1
16 36 1
16 36 6
16 36 6
16 36 6
16 36 6
16 36 6
16 36 26
16 36 26
16 36 26
16 36 26
16 36 26
16 41 1
16 41 1
16 41 1
16 41 1
16 41 1
16 41 6
16 41 6
16 41 6
16 41 6
16 41 6
16 41 26
16 41 26
16 41 26
16 41 26
16 41 26
16 41 31
16 41 31
16 41 31
16 41 31
16 41 31
16 46 1
16 46 1
16 46 1
16 46 1
16 46 1
16 46 6
16 46 6
16 46 6
16 46 6
16 46 6
16 46 26
16 46 26
16 46 26
16 46 26
16 46 26
16 46 31
16 46 31
16 46 31
16 46 31
16 46 31
16 46 36
16 46 36
16 46 36
16 46 36
16 46 36
16 51 1
16 51 1
16 51 1
16 51 1
16 51 1
16 51 6
16 51 6
16 51 6
16 51 6
16 51 6
16 51 26
16 51 26
16 51 26
16 51 26
16 51 26
16 51 31
16 51 31
16 51 31
16 51 31
16 51 31
16 51 36
16 51 36
16 51 36
16 51 36
16 51 36
16 51 41
16 51 41
16 51 41
16 51 41
16 51 41
16 56 1
16 56 1
16 56 1
16 56 1
16 56 1
16 56 6
16 56 6
16 56 6
16 56 6
16 56 6
16 56 26
16 56 26
16 56 26
16 56 26
16 56 26
16 56 31
16 56 31
16 56 31
16 56 31
16 56 31
16 56 36
16 56 36
16 56 36
16 56 36
16 56 36
16 56 41
16 56 41
16 56 41
16 56 41
16 56 41
16 56 46
16 56 46
16 56 46
16 56 46
16 56 46
16 61 1
16 61 1
16 61 1
16 61 1
16 61 1
16 61 6
16 61 6
16 61 6
16 61 6
16 61 6
16 61 26
16 61 26
16 61 26
16 61 26
16 61 26
16 61 31
16 61 31
16 61 31
16 61 31
16 61 31
16 61 36
16 61 36
16 61 36
16 61 36
16 61 36
16 61 41
16 61 41
16 61 41
16 61 41
16 61 41
16 61 46
16 61 46
16 61 46
16 61 46
16 61 46
16 61 51
16 61 51
16 61 51
16 61 51
16 61 51
16 66 1
16 66 1
16 66 1
16 66 1
16 66 1
16 66 6
16 66 6
16 66 6
16 66 6
16 66 6
16 66 26
16 66 26
16 66 26
16 66 26
16 66 26
16 66 31
16 66 31
16 66 31
16 66 31
16 66 31
16 66 36
16 66 36
16 66 36
16 66 36
16 66 36
16 66 41
16 66 41
16 66 41
16 66 41
16 66 41
16 66 46
16 66 46
16 66 46
16 66 46
16 66 46
16 66 51
16 66 51
16 66 51
16 66 51
16 66 51
16 66 56
16 66 56
16 66 56
16 66 56
16 66 56
16 71 1
16 71 1
16 71 1
16 71 1
16 71 1
16 71 6
16 71 6
16 71 6
16 71 6
16 71 6
16 71 26
16 71 26
16 71 26
16 71 26
16 71 26
16 71 31
16 71 31
16 71 31
16 71 31
16 71 31
16 71 36
16 71 36
16 71 36
16 71 36
16 71 36
16 71 41
16 71 41
16 71 41
16 71 41
16 71 41
16 71 46
16 71 46
16 71 46
16 71 46
16 71 46
16 71 51
16 71 51
16 71 51
16 71 51
16 71 51
16 71 56
16 71 56
16 71 56
16 71 56
16 71 56
16 71 61
16 71 61
16 71 61
16 71 61
16 71 61
16 76 1
16 76 1
16 76 1
16 76 1
16 76 1
16 76 6
16 76 6
16 76 6
16 76 6
16 76 6
16 76 26
16 76 26
16 76 26
16 76 26
16 76 26
16 76 31
16 76 31
16 76 31
16 76 31
16 76 31
16 76 36
16 76 36
16 76 36
16 76 36
16 76 36
16 76 41
16 76 41
16 76 41
16 76 41
16 76 41
16 76 46
16 76 46
16 76 46
16 76 46
16 76 46
16 76 51
16 76 51
16 76 51
16 76 51
16 76 51
16 76 56
16 76 56
16 76 56
16 76 56
16 76 56
16 76 61
16 76 61
16 76 61
16 76 61
16 76 61
16 76 66
16 76 66
16 76 66
16 76 66
16 76 66
16 81 1
16 81 1
16 81 1
16 81 1
16 81 1
16 81 6
16 81 6
16 81 6
16 81 6
16 81 6
16 81 26
16 81 26
16 81 26
16 81 26
16 81 26
16 81 31
16 81 31
16 81 31
16 81 31
16 81 31
16 81 36
16 81 36
16 81 36
16 81 36
16 81 36
16 81 41
16 81 41
16 81 41
16 81 41
16 81 41
16 81 46
16 81 46
16 81 46
16 81 46
16 81 46
16 81 51
16 81 51
16 81 51
16 81 51
16 81 51
16 81 56
16 81 56
16 81 56
16 81 56
16 81 56
16 81 61
16 81 61
16 81 61
16 81 61
16 81 61
16 81 66
16 81 66
16 81 66
16 81 66
16 81 66
16 81 71
16 81 71
16 81 71
16 81 71
16 81 71
16 86 1
16 86 1
16 86 1
16 86 1
16 86 1
16 86 6
16 86 6
16 86 6
16 86 6
16 86 6
16 86 26
16 86 26
16 86 26
16 86 26
16 86 26
16 86 31
16 86 31
16 86 31
16 86 31
16 86 31
16 86 36
16 86 36
16 86 36
16 86 36
16 86 36
16 86 41
16 86 41
16 86 41
16 86 41
16 86 41
16 86 46
16 86 46
16 86 46
16 86 46
16 86 46
16 86 51
16 86 51
16 86 51
16 86 51
16 86 51
16 86 56
16 86 56
16 86 56
16 86 56
16 86 56
16 86 61
16 86 61
16 86 61
16 86 61
16 86 61
16 86 66
16 86 66
16 86 66
16 86 66
16 86 66
16 86 71
16 86 71
16 86 71
16 86 71
16 86 71
16 86 76
16 86 76
16 86 76
16 86 76
16 86 76
16 91 1
16 91 1
16 91 1
16 91 1
16 91 1
16 91 6
16 91 6
16 91 6
16 91 6
16 91 6
16 91 26
16 91 26
16 91 26
16 91 26
16 91 26
16 91 31
16 91 31
16 91 31
16 91 31
16 91 31
16 91 36
16 91 36
16 91 36
16 91 36
16 91 36
16 91 41
16 91 41
16 91 41
16 91 41
16 91 41
16 91 46
16 91 46
16 91 46
16 91 46
16 91 46
16 91 51
16 91 51
16 91 51
16 91 51
16 91 51
16 91 56
16 91 56
16 91 56
16 91 56
16 91 56
16 91 61
16 91 61
16 91 61
16 91 61
16 91 61
16 91 66
16 91 66
16 91 66
16 91 66
16 91 66
16 91 71
16 91 71
16 91 71
16 91 71
16 91 71
16 91 76
16 91 76
16 91 76
16 91 76
16 91 76
16 91 81
16 91 81
16 91 81
16 91 81
16 91 81
16 96 1
16 96 1
16 96 1
16 96 1
16 96 1
16 96 6
16 96 6
16 96 6
16 96 6
16 96 6
16 96 26
16 96 26
16 96 26
16 96 26
16 96 26
16 96 31
16 96 31
16 96 31
16 96 31
16 96 31
16 96 36
16 96 36
16 96 36
16 96 36
16 96 36
16 96 41
16 96 41
16 96 41
16 96 41
16 96 41
16 96 46
16 96 46
16 96 46
16 96 46
16 96 46
16 96 51
16 96 51
16 96 51
16 96 51
16 96 51
16 96 56
16 96 56
16 96 56
16 96 56
16 96 56
16 96 61
16 96 61
16 96 61
16 96 61
16 96 61
16 96 66
16 96 66
16 96 66
16 96 66
16 96 66
16 96 71
16 96 71
16 96 71
16 96 71
16 96 71
16 96 76
16 96 76
16 96 76
16 96 76
16 96 76
16 96 81
16 96 81
16 96 81
16 96 81
16 96 81
16 96 86
16 96 86
16 96 86
16 96 86
16 96 86
21 31 1
21 31 1
21 31 1
21 31 1
21 31 1
21 31 6
21 31 6
21 31 6
21 31 6
21 31 6
21 31 11
21 31 11
21 31 11
21 31 11
21 31 11
21 36 1
21 36 1
21 36 1
21 36 1
21 36 1
21 36 6
21 36 6
21 36 6
21 36 6
21 36 6
21 36 11
21 36 11
21 36 11
21 36 11
21 36 11
21 41 1
21 41 1
21 41 1
21 41 1
21 41 1
21 41 6
21 41 6
21 41 6
21 41 6
21 41 6
21 41 11
21 41 11
21 41 11
21 41 11
21 41 11
21 41 31
21 41 31
21 41 31
21 41 31
21 41 31
21 46 1
21 46 1
21 46 1
21 46 1
21 46 1
21 46 6
21 46 6
21 46 6
21 46 6
21 46 6
21 46 11
21 46 11
21 46 11
21 46 11
21 46 11
21 46 31
21 46 31
21 46 31
21 46 31
21 46 31
21 46 36
21 46 36
21 46 36
21 46 36
21 46 36
21 51 1
21 51 1
21 51 1
21 51 1
21 51 1
21 51 6
21 51 6
21 51 6
21 51 6
21 51 6
21 51 11
21 51 11
21 51 11
21 51 11
21 51 11
21 51 31
21 51 31
21 51 31
21 51 31
21 51 31
21 51 36
21 51 36
21 51 36
21 51 36
21 51 36
21 51 41
21 51 41
21 51 41
21 51 41
21 51 41
21 56 1
21 56 1
21 56 1
21 56 1
21 56 1
21 56 6
21 56 6
21 56 6
21 56 6
21 56 6
21 56 11
21 56 11
21 56 11
21 56 11
21 56 11
21 56 31
21 56 31
21 56 31
21 56 31
21 56 31
21 56 36
21 56 36
21 56 36
21 56 36
21 56 36
21 56 41
21 56 41
21 56 41
21 56 41
21 56 41
21 56 46
21 56 46
21 56 46
21 56 46
21 56 46
21 61 1
21 61 1
21 61 1
21 61 1
21 61 1
21 61 6
21 61 6
21 61 6
21 61 6
21 61 6
21 61 11
21 61 11
21 61 11
21 61 11
21 61 11
21 61 31
21 61 31
21 61 31
21 61 31
21 61 31
21 61 36
21 61 36
21 61 36
21 61 36
21 61 36
21 61 41
21 61 41
21 61 41
21 61 41
21 61 41
21 61 46
21 61 46
21 61 46
21 61 46
21 61 46
21 61 51
21 61 51
21 61 51
21 61 51
21 61 51
21 66 1
21 66 1
21 66 1
21 66 1
21 66 1
21 66 6
21 66 6
21 66 6
21 66 6
21 66 6
21 66 11
21 66 11
21 66 11
21 66 11
21 66 11
21 66 31
21 66 31
21 66 31
21 66 31
21 66 31
21 66 36
21 66 36
21 66 36
21 66 36
21 66 36
21 66 41
21 66 41
21 66 41
21 66 41
21 66 41
21 66 46
21 66 46
21 66 46
21 66 46
21 66 46
21 66 51
21 66 51
21 66 51
21 66 51
21 66 51
21 66 56
21 66 56
21 66 56
21 66 56
21 66 56
21 71 1
21 71 1
21 71 1
21 71 1
21 71 1
21 71 6
21 71 6
21 71 6
21 71 6
21 71 6
21 71 11
21 71 11
21 71 11
21 71 11
21 71 11
21 71 31
21 71 31
21 71 31
21 71 31
21 71 31
21 71 36
21 71 36
21 71 36
21 71 36
21 71 36
21 71 41
21 71 41
21 71 41
21 71 41
21 71 41
21 71 46
21 71 46
21 71 46
21 71 46
21 71 46
21 71 51
21 71 51
21 71 51
21 71 51
21 71 51
21 71 56
21 71 56
21 71 56
21 71 56
21 71 56
21 71 61
21 71 61
21 71 61
21 71 61
21 71 61
21 76 1
21 76 1
21 76 1
21 76 1
21 76 1
21 76 6
21 76 6
21 76 6
21 76 6
21 76 6
21 76 11
21 76 11
21 76 11
21 76 11
21 76 11
21 76 31
21 76 31
21 76 31
21 76 31
21 76 31
21 76 36
21 76 36
21 76 36
21 76 36
21 76 36
21 76 41
21 76 41
21 76 41
21 76 41
21 76 41
21 76 46
21 76 46
21 76 46
21 76 46
21 76 46
21 76 51
21 76 51
21 76 51
21 76 51
21 76 51
21 76 56
21 76 56
21 76 56
21 76 56
21 76 56
21 76 61
21 76 61
21 76 61
21 76 61
21 76 61
21 76 66
21 76 66
21 76 66
21 76 66
21 76 66
21 81 1
21 81 1
21 81 1
21 81 1
21 81 1
21 81 6
21 81 6
21 81 6
21 81 6
21 81 6
21 81 11
21 81 11
21 81 11
21 81 11
21 81 11
21 81 31
21 81 31
21 81 31
21 81 31
21 81 31
21 81 36
21 81 36
21 81 36
21 81 36
21 81 36
21 81 41
21 81 41
21 81 41
21 81 41
21 81 41
21 81 46
21 81 46
21 81 46
21 81 46
21 81 46
21 81 51
21 81 51
21 81 51
21 81 51
21 81 51
21 81 56
21 81 56
21 81 56
21 81 56
21 81 56
21 81 61
21 81 61
21 81 61
21 81 61
21 81 61
21 81 66
21 81 66
21 81 66
21 81 66
21 81 66
21 81 71
21 81 71
21 81 71
21 81 71
21 81 71
21 86 1
21 86 1
21 86 1
21 86 1
21 86 1
21 86 6
21 86 6
21 86 6
21 86 6
21 86 6
21 86 11
21 86 11
21 86 11
21 86 11
21 86 11
21 86 31
21 86 31
21 86 31
21 86 31
21 86 31
21 86 36
21 86 36
21 86 36
21 86 36
21 86 36
21 86 41
21 86 41
21 86 41
21 86 41
21 86 41
21 86 46
21 86 46
21 86 46
21 86 46
21 86 46
21 86 51
21 86 51
21 86 51
21 86 51
21 86 51
21 86 56
21 86 56
21 86 56
21 86 56
21 86 56
21 86 61
21 86 61
21 86 61
21 86 61
21 86 61
21 86 66
21 86 66
21 86 66
21 86 66
21 86 66
21 86 71
21 86 71
21 86 71
21 86 71
21 86 71
21 86 76
21 86 76
21 86 76
21 86 76
21 86 76
21 91 1
21 91 1
21 91 1
21 91 1
21 91 1
21 91 6
21 91 6
21 91 6
21 91 6
21 91 6
21 91 11
21 91 11
21 91 11
21 91 11
21 91 11
21 91 31
21 91 31
21 91 31
21 91 31
21 91 31
21 91 36
21 91 36
21 91 36
21 91 36
21 91 36
21 91 41
21 91 41
21 91 41
21 91 41
21 91 41
21 91 46
21 91 46
21 91 46
21 91 46
21 91 46
21 91 51
21 91 51
21 91 51
21 91 51
21 91 51
21 91 56
21 91 56
21 91 56
21 91 56
21 91 56
21 91 61
21 91 61
21 91 61
21 91 61
21 91 61
21 91 66
21 91 66
21 91 66
21 91 66
21 91 66
21 91 71
21 91 71
21 91 71
21 91 71
21 91 71
21 91 76
21 91 76
21 91 76
21 91 76
21 91 76
21 91 81
21 91 81
21 91 81
21 91 81
21 91 81
21 96 1
21 96 1
21 96 1
21 96 1
21 96 1
21 96 6
21 96 6
21 96 6
21 96 6
21 96 6
21 96 11
21 96 11
21 96 11
21 96 11
21 96 11
21 96 31
21 96 31
21 96 31
21 96 31
21 96 31
21 96 36
21 96 36
21 96 36
21 96 36
21 96 36
21 96 41
21 96 41
21 96 41
21 96 41
21 96 41
21 96 46
21 96 46
21 96 46
21 96 46
21 96 46
21 96 51
21 96 51
21 96 51
21 96 51
21 96 51
21 96 56
21 96 56
21 96 56
21 96 56
21 96 56
21 96 61
21 96 61
21 96 61
21 96 61
21 96 61
21 96 66
21 96 66
21 96 66
21 96 66
21 96 66
21 96 71
21 96 71
21 96 71
21 96 71
21 96 71
21 96 76
21 96 76
21 96 76
21 96 76
21 96 76
21 96 81
21 96 81
21 96 81
21 96 81
21 96 81
21 96 86
21 96 86
21 96 86
21 96 86
21 96 86
26 36 1
26 36 1
26 36 1
26 36 1
26 36 1
26 36 6
26 36 6
26 36 6
26 36 6
26 36 6
26 36 11
26 36 11
26 36 11
26 36 11
26 36 11
26 36 16
26 36 16
26 36 16
26 36 16
26 36 16
26 41 1
26 41 1
26 41 1
26 41 1
26 41 1
26 41 6
26 41 6
26 41 6
26 41 6
26 41 6
26 41 11
26 41 11
26 41 11
26 41 11
26 41 11
26 41 16
26 41 16
26 41 16
26 41 16
26 41 16
26 46 1
26 46 1
26 46 1
26 46 1
26 46 1
26 46 6
26 46 6
26 46 6
26 46 6
26 46 6
26 46 11
26 46 11
26 46 11
26 46 11
26 46 11
26 46 16
26 46 16
26 46 16
26 46 16
26 46 16
26 46 36
26 46 36
26 46 36
26 46 36
26 46 36
26 51 1
26 51 1
26 51 1
26 51 1
26 51 1
26 51 6
26 51 6
26 51 6
26 51 6
26 51 6
26 51 11
26 51 11
26 51 11
26 51 11
26 51 11
26 51 16
26 51 16
26 51 16
26 51 16
26 51 16
26 51 36
26 51 36
26 51 36
26 51 36
26 51 36
26 51 41
26 51 41
26 51 41
26 51 41
26 51 41
26 56 1
26 56 1
26 56 1
26 56 1
26 56 1
26 56 6
26 56 6
26 56 6
26 56 6
26 56 6
26 56 11
26 56 11
26 56 11
26 56 11
26 56 11
26 56 16
26 56 16
26 56 16
26 56 16
26 56 16
26 56 36
26 56 36
26 56 36
26 56 36
26 56 36
26 56 41
26 56 41
26 56 41
26 56 41
26 56 41
26 56 46
26 56 46
26 56 46
26 56 46
26 56 46
26 61 1
26 61 1
26 61 1
26 61 1
26 61 1
26 61 6
26 61 6
26 61 6
26 61 6
26 61 6
26 61 11
26 61 11
26 61 11
26 61 11
26 61 11
26 61 16
26 61 16
26 61 16
26 61 16
26 61 16
26 61 36
26 61 36
26 61 36
26 61 36
26 61 36
26 61 41
26 61 41
26 61 41
26 61 41
26 61 41
26 61 46
26 61 46
26 61 46
26 61 46
26 61 46
26 61 51
26 61 51
26 61 51
26 61 51
26 61 51
26 66 1
26 66 1
26 66 1
26 66 1
26 66 1
26 66 6
26 66 6
26 66 6
26 66 6
26 66 6
26 66 11
26 66 11
26 66 11
26 66 11
26 66 11
26 66 16
26 66 16
26 66 16
26 66 16
26 66 16
26 66 36
26 66 36
26 66 36
26 66 36
26 66 36
26 66 41
26 66 41
26 66 41
26 66 41
26 66 41
26 66 46
26 66 46
26 66 46
26 66 46
26 66 46
26 66 51
26 66 51
26 66 51
26 66 51
26 66 51
26 66 56
26 66 56
26 66 56
26 66 56
26 66 56
26 71 1
26 71 1
26 71 1
26 71 1
26 71 1
26 71 6
26 71 6
26 71 6
26 71 6
26 71 6
26 71 11
26 71 11
26 71 11
26 71 11
26 71 11
26 71 16
26 71 16
26 71 16
26 71 16
26 71 16
26 71 36
26 71 36
26 71 36
26 71 36
26 71 36
26 71 41
26 71 41
26 71 41
26 71 41
26 71 41
26 71 46
26 71 46
26 71 46
26 71 46
26 71 46
26 71 51
26 71 51
26 71 51
26 71 51
26 71 51
26 71 56
26 71 56
26 71 56
26 71 56
26 71 56
26 71 61
26 71 61
26 71 61
26 71 61
26 71 61
26 76 1
26 76 1
26 76 1
26 76 1
26 76 1
26 76 6
26 76 6
26 76 6
26 76 6
26 76 6
26 76 11
26 76 11
26 76 11
26 76 11
26 76 11
26 76 16
26 76 16
26 76 16
26 76 16
26 76 16
26 76 36
26 76 36
26 76 36
26 76 36
26 76 36
26 76 41
26 76 41
26 76 41
26 76 41
26 76 41
26 76 46
26 76 46
26 76 46
26 76 46
26 76 46
26 76 51
26 76 51
26 76 51
26 76 51
26 76 51
26 76 56
26 76 56
26 76 56
26 76 56
26 76 56
26 76 61
26 76 61
26 76 61
26 76 61
26 76 61
26 76 66
26 76 66
26 76 66
26 76 66
26 76 66
26 81 1
26 81 1
26 81 1
26 81 1
26 81 1
26 81 6
26 81 6
26 81 6
26 81 6
26 81 6
26 81 11
26 81 11
26 81 11
26 81 11
26 81 11
26 81 16
26 81 16
26 81 16
26 81 16
26 81 16
26 81 36
26 81 36
26 81 36
26 81 36
26 81 36
26 81 41
26 81 41
26 81 41
26 81 41
26 81 41
26 81 46
26 81 46
26 81 46
26 81 46
26 81 46
26 81 51
26 81 51
26 81 51
26 81 51
26 81 51
26 81 56
26 81 56
26 81 56
26 81 56
26 81 56
26 81 61
26 81 61
26 81 61
26 81 61
26 81 61
26 81 66
26 81 66
26 81 66
26 81 66
26 81 66
26 81 71
26 81 71
26 81 71
26 81 71
26 81 71
26 86 1
26 86 1
26 86 1
26 86 1
26 86 1
26 86 6
26 86 6
26 86 6
26 86 6
26 86 6
26 86 11
26 86 11
26 86 11
26 86 11
26 86 11
26 86 16
26 86 16
26 86 16
26 86 16
26 86 16
26 86 36
26 86 36
26 86 36
26 86 36
26 86 36
26 86 41
26 86 41
26 86 41
26 86 41
26 86 41
26 86 46
26 86 46
26 86 46
26 86 46
26 86 46
26 86 51
26 86 51
26 86 51
26 86 51
26 86 51
26 86 56
26 86 56
26 86 56
26 86 56
26 86 56
26 86 61
26 86 61
26 86 61
26 86 61
26 86 61
26 86 66
26 86 66
26 86 66
26 86 66
26 86 66
26 86 71
26 86 71
26 86 71
26 86 71
26 86 71
26 86 76
26 86 76
26 86 76
26 86 76
26 86 76
26 91 1
26 91 1
26 91 1
26 91 1
26 91 1
26 91 6
26 91 6
26 91 6
26 91 6
26 91 6
26 91 11
26 91 11
26 91 11
26 91 11
26 91 11
26 91 16
26 91 16
26 91 16
26 91 16
26 91 16
26 91 36
26 91 36
26 91 36
26 91 36
26 91 36
26 91 41
26 91 41
26 91 41
26 91 41
26 91 41
26 91 46
26 91 46
26 91 46
26 91 46
26 91 46
26 91 51
26 91 51
26 91 51
26 91 51
26 91 51
26 91 56
26 91 56
26 91 56
26 91 56
26 91 56
26 91 61
26 91 61
26 91 61
26 91 61
26 91 61
26 91 66
26 91 66
26 91 66
26 91 66
26 91 66
26 91 71
26 91 71
26 91 71
26 91 71
26 91 71
26 91 76
26 91 76
26 91 76
26 91 76
26 91 76
26 91 81
26 91 81
26 91 81
26 91 81
26 91 81
26 96 1
26 96 1
26 96 1
26 96 1
26 96 1
26 96 6
26 96 6
26 96 6
26 96 6
26 96 6
26 96 11
26 96 11
26 96 11
26 96 11
26 96 11
26 96 16
26 96 16
26 96 16
26 96 16
26 96 16
26 96 36
26 96 36
26 96 36
26 96 36
26 96 36
26 96 41
26 96 41
26 96 41
26 96 41
26 96 41
26 96 46
26 96 46
26 96 46
26 96 46
26 96 46
26 96 51
26 96 51
26 96 51
26 96 51
26 96 51
26 96 56
26 96 56
26 96 56
26 96 56
26 96 56
26 96 61
26 96 61
26 96 61
26 96 61
26 96 61
26 96 66
26 96 66
26 96 66
26 96 66
26 96 66
26 96 71
26 96 71
26 96 71
26 96 71
26 96 71
26 96 76
26 96 76
26 96 76
26 96 76
26 96 76
26 96 81
26 96 81
26 96 81
26 96 81
26 96 81
26 96 86
26 96 86
26 96 86
26 96 86
26 96 86
31 41 1
31 41 1
31 41 1
31 41 1
31 41 1
31 41 6
31 41 6
31 41 6
31 41 6
31 41 6
31 41 11
31 41 11
31 41 11
31 41 11
31 41 11
31 41 16
31 41 16
31 41 16
31 41 16
31 41 16
31 41 21
31 41 21
31 41 21
31 41 21
31 41 21
31 46 1
31 46 1
31 46 1
31 46 1
31 46 1
31 46 6
31 46 6
31 46 6
31 46 6
31 46 6
31 46 11
31 46 11
31 46 11
31 46 11
31 46 11
31 46 16
31 46 16
31 46 16
31 46 16
31 46 16
31 46 21
31 46 21
31 46 21
31 46 21
31 46 21
31 51 1
31 51 1
31 51 1
31 51 1
31 51 1
31 51 6
31 51 6
31 51 6
31 51 6
31 51 6
31 51 11
31 51 11
31 51 11
31 51 11
31 51 11
31 51 16
31 51 16
31 51 16
31 51 16
31 51 16
31 51 21
31 51 21
31 51 21
31 51 21
31 51 21
31 51 41
31 51 41
31 51 41
31 51 41
31 51 41
31 56 1
31 56 1
31 56 1
31 56 1
31 56 1
31 56 6
31 56 6
31 56 6
31 56 6
31 56 6
31 56 11
31 56 11
31 56 11
31 56 11
31 56 11
31 56 16
31 56 16
31 56 16
31 56 16
31 56 16
31 56 21
31 56 21
31 56 21
31 56 21
31 56 21
31 56 41
31 56 41
31 56 41
31 56 41
31 56 41
31 56 46
31 56 46
31 56 46
31 56 46
31 56 46
31 61 1
31 61 1
31 61 1
31 61 1
31 61 1
31 61 6
31 61 6
31 61 6
31 61 6
31 61 6
31 61 11
31 61 11
31 61 11
31 61 11
31 61 11
31 61 16
31 61 16
31 61 16
31 61 16
31 61 16
31 61 21
31 61 21
31 61 21
31 61 21
31 61 21
31 61 41
31 61 41
31 61 41
31 61 41
31 61 41
31 61 46
31 61 46
31 61 46
31 61 46
31 61 46
31 61 51
31 61 51
31 61 51
31 61 51
31 61 51
31 66 1
31 66 1
31 66 1
31 66 1
31 66 1
31 66 6
31 66 6
31 66 6
31 66 6
31 66 6
31 66 11
31 66 11
31 66 11
31 66 11
31 66 11
31 66 16
31 66 16
31 66 16
31 66 16
31 66 16
31 66 21
31 66 21
31 66 21
31 66 21
31 66 21
31 66 41
31 66 41
31 66 41
31 66 41
31 66 41
31 66 46
31 66 46
31 66 46
31 66 46
31 66 46
31 66 51
31 66 51
31 66 51
31 66 51
31 66 51
31 66 56
31 66 56
31 66 56
31 66 56
31 66 56
31 71 1
31 71 1
31 71 1
31 71 1
31 71 1
31 71 6
31 71 6
31 71 6
31 71 6
31 71 6
31 71 11
31 71 11
31 71 11
31 71 11
31 71 11
31 71 16
31 71 16
31 71 16
31 71 16
31 71 16
31 71 21
31 71 21
31 71 21
31 71 21
31 71 21
31 71 41
31 71 41
31 71 41
31 71 41
31 71 41
31 71 46
31 71 46
31 71 46
31 71 46
31 71 46
31 71 51
31 71 51
31 71 51
31 71 51
31 71 51
31 71 56
31 71 56
31 71 56
31 71 56
31 71 56
31 71 61
31 71 61
31 71 61
31 71 61
31 71 61
31 76 1
31 76 1
31 76 1
31 76 1
31 76 1
31 76 6
31 76 6
31 76 6
31 76 6
31 76 6
31 76 11
31 76 11
31 76 11
31 76 11
31 76 11
31 76 16
31 76 16
31 76 16
31 76 16
31 76 16
31 76 21
31 76 21
31 76 21
31 76 21
31 76 21
31 76 41
31 76 41
31 76 41
31 76 41
31 76 41
31 76 46
31 76 46
31 76 46
31 76 46
31 76 46
31 76 51
31 76 51
31 76 51
31 76 51
31 76 51
31 76 56
31 76 56
31 76 56
31 76 56
31 76 56
31 76 61
31 76 61
31 76 61
31 76 61
31 76 61
31 76 66
31 76 66
31 76 66
31 76 66
31 76 66
31 81 1
31 81 1
31 81 1
31 81 1
31 81 1
31 81 6
31 81 6
31 81 6
31 81 6
31 81 6
31 81 11
31 81 11
31 81 11
31 81 11
31 81 11
31 81 16
31 81 16
31 81 16
31 81 16
31 81 16
31 81 21
31 81 21
31 81 21
31 81 21
31 81 21
31 81 41
31 81 41
31 81 41
31 81 41
31 81 41
31 81 46
31 81 46
31 81 46
31 81 46
31 81 46
31 81 51
31 81 51
31 81 51
31 81 51
31 81 51
31 81 56
31 81 56
31 81 56
31 81 56
31 81 56
31 81 61
31 81 61
31 81 61
31 81 61
31 81 61
31 81 66
31 81 66
31 81 66
31 81 66
31 81 66
31 81 71
31 81 71
31 81 71
31 81 71
31 81 71
31 86 1
31 86 1
31 86 1
31 86 1
31 86 1
31 86 6
31 86 6
31 86 6
31 86 6
31 86 6
31 86 11
31 86 11
31 86 11
31 86 11
31 86 11
31 86 16
31 86 16
31 86 16
31 86 16
31 86 16
31 86 21
31 86 21
31 86 21
31 86 21
31 86 21
31 86 41
31 86 41
31 86 41
31 86 41
31 86 41
31 86 46
31 86 46
31 86 46
31 86 46
31 86 46
31 86 51
31 86 51
31 86 51
31 86 51
31 86 51
31 86 56
31 86 56
31 86 56
31 86 56
31 86 56
31 86 61
31 86 61
31 86 61
31 86 61
31 86 61
31 86 66
31 86 66
31 86 66
31 86 66
31 86 66
31 86 71
31 86 71
31 86 71
31 86 71
31 86 71
31 86 76
31 86 76
31 86 76
31 86 76
31 86 76
31 91 1
31 91 1
31 91 1
31 91 1
31 91 1
31 91 6
31 91 6
31 91 6
31 91 6
31 91 6
31 91 11
31 91 11
31 91 11
31 91 11
31 91 11
31 91 16
31 91 16
31 91 16
31 91 16
31 91 16
31 91 21
31 91 21
31 91 21
31 91 21
31 91 21
31 91 41
31 91 41
31 91 41
31 91 41
31 91 41
31 91 46
31 91 46
31 91 46
31 91 46
31 91 46
31 91 51
31 91 51
31 91 51
31 91 51
31 91 51
31 91 56
31 91 56
31 91 56
31 91 56
31 91 56
31 91 61
31 91 61
31 91 61
31 91 61
31 91 61
31 91 66
31 91 66
31 91 66
31 91 66
31 91 66
31 91 71
31 91 71
31 91 71
31 91 71
31 91 71
31 91 76
31 91 76
31 91 76
31 91 76
31 91 76
31 91 81
31 91 81
31 91 81
31 91 81
31 91 81
31 96 1
31 96 1
31 96 1
31 96 1
31 96 1
31 96 6
31 96 6
31 96 6
31 96 6
31 96 6
31 96 11
31 96 11
31 96 11
31 96 11
31 96 11
31 96 16
31 96 16
31 96 16
31 96 16
31 96 16
31 96 21
31 96 21
31 96 21
31 96 21
31 96 21
31 96 41
31 96 41
31 96 41
31 96 41
31 96 41
31 96 46
31 96 46
31 96 46
31 96 46
31 96 46
31 96 51
31 96 51
31 96 51
31 96 51
31 96 51
31 96 56
31 96 56
31 96 56
31 96 56
31 96 56
31 96 61
31 96 61
31 96 61
31 96 61
31 96 61
31 96 66
31 96 66
31 96 66
31 96 66
31 96 66
31 96 71
31 96 71
31 96 71
31 96 71
31 96 71
31 96 76
31 96 76
31 96 76
31 96 76
31 96 76
31 96 81
31 96 81
31 96 81
31 96 81
31 96 81
31 96 86
31 96 86
31 96 86
31 96 86
31 96 86
36 46 1
36 46 1
36 46 1
36 46 1
36 46 1
36 46 6
36 46 6
36 46 6
36 46 6
36 46 6
36 46 11
36 46 11
36 46 11
36 46 11
36 46 11
36 46 16
36 46 16
36 46 16
36 46 16
36 46 16
36 46 21
36 46 21
36 46 21
36 46 21
36 46 21
36 46 26
36 46 26
36 46 26
36 46 26
36 46 26
36 51 1
36 51 1
36 51 1
36 51 1
36 51 1
36 51 6
36 51 6
36 51 6
36 51 6
36 51 6
36 51 11
36 51 11
36 51 11
36 51 11
36 51 11
36 51 16
36 51 16
36 51 16
36 51 16
36 51 16
36 51 21
36 51 21
36 51 21
36 51 21
36 51 21
36 51 26
36 51 26
36 51 26
36 51 26
36 51 26
36 56 1
36 56 1
36 56 1
36 56 1
36 56 1
36 56 6
36 56 6
36 56 6
36 56 6
36 56 6
36 56 11
36 56 11
36 56 11
36 56 11
36 56 11
36 56 16
36 56 16
36 56 16
36 56 16
36 56 16
36 56 21
36 56 21
36 56 21
36 56 21
36 56 21
36 56 26
36 56 26
36 56 26
36 56 26
36 56 26
36 56 46
36 56 46
36 56 46
36 56 46
36 56 46
36 61 1
36 61 1
36 61 1
36 61 1
36 61 1
36 61 6
36 61 6
36 61 6
36 61 6
36 61 6
36 61 11
36 61 11
36 61 11
36 61 11
36 61 11
36 61 16
36 61 16
36 61 16
36 61 16
36 61 16
36 61 21
36 61 21
36 61 21
36 61 21
36 61 21
36 61 26
36 61 26
36 61 26
36 61 26
36 61 26
36 61 46
36 61 46
36 61 46
36 61 46
36 61 46
36 61 51
36 61 51
36 61 51
36 61 51
36 61 51
36 66 1
36 66 1
36 66 1
36 66 1
36 66 1
36 66 6
36 66 6
36 66 6
36 66 6
36 66 6
36 66 11
36 66 11
36 66 11
36 66 11
36 66 11
36 66 16
36 66 16
36 66 16
36 66 16
36 66 16
36 66 21
36 66 21
36 66 21
36 66 21
36 66 21
36 66 26
36 66 26
36 66 26
36 66 26
36 66 26
36 66 46
36 66 46
36 66 46
36 66 46
36 66 46
36 66 51
36 66 51
36 66 51
36 66 51
36 66 51
36 66 56
36 66 56
36 66 56
36 66 56
36 66 56
36 71 1
36 71 1
36 71 1
36 71 1
36 71 1
36 71 6
36 71 6
36 71 6
36 71 6
36 71 6
36 71 11
36 71 11
36 71 11
36 71 11
36 71 11
36 71 16
36 71 16
36 71 16
36 71 16
36 71 16
36 71 21
36 71 21
36 71 21
36 71 21
36 71 21
36 71 26
36 71 26
36 71 26
36 71 26
36 71 26
36 71 46
36 71 46
36 71 46
36 71 46
36 71 46
36 71 51
36 71 51
36 71 51
36 71 51
36 71 51
36 71 56
36 71 56
36 71 56
36 71 56
36 71 56
36 71 61
36 71 61
36 71 61
36 71 61
36 71 61
36 76 1
36 76 1
36 76 1
36 76 1
36 76 1
36 76 6
36 76 6
36 76 6
36 76 6
36 76 6
36 76 11
36 76 11
36 76 11
36 76 11
36 76 11
36 76 16
36 76 16
36 76 16
36 76 16
36 76 16
36 76 21
36 76 21
36 76 21
36 76 21
36 76 21
36 76 26
36 76 26
36 76 26
36 76 26
36 76 26
36 76 46
36 76 46
36 76 46
36 76 46
36 76 46
36 76 51
36 76 51
36 76 51
36 76 51
36 76 51
36 76 56
36 76 56
36 76 56
36 76 56
36 76 56
36 76 61
36 76 61
36 76 61
36 76 61
36 76 61
36 76 66
36 76 66
36 76 66
36 76 66
36 76 66
36 81 1
36 81 1
36 81 1
36 81 1
36 81 1
36 81 6
36 81 6
36 81 6
36 81 6
36 81 6
36 81 11
36 81 11
36 81 11
36 81 11
36 81 11
36 81 16
36 81 16
36 81 16
36 81 16
36 81 16
36 81 21
36 81 21
36 81 21
36 81 21
36 81 21
36 81 26
36 81 26
36 81 26
36 81 26
36 81 26
36 81 46
36 81 46
36 81 46
36 81 46
36 81 46
36 81 51
36 81 51
36 81 51
36 81 51
36 81 51
36 81 56
36 81 56
36 81 56
36 81 56
36 81 56
36 81 61
36 81 61
36 81 61
36 81 61
36 81 61
36 81 66
36 81 66
36 81 66
36 81 66
36 81 66
36 81 71
36 81 71
36 81 71
36 81 71
36 81 71
36 86 1
36 86 1
36 86 1
36 86 1
36 86 1
36 86 6
36 86 6
36 86 6
36 86 6
36 86 6
36 86 11
36 86 11
36 86 11
36 86 11
36 86 11
36 86 16
36 86 16
36 86 16
36 86 16
36 86 16
36 86 21
36 86 21
36 86 21
36 86 21
36 86 21
36 86 26
36 86 26
36 86 26
36 86 26
36 86 26
36 86 46
36 86 46
36 86 46
36 86 46
36 86 46
36 86 51
36 86 51
36 86 51
36 86 51
36 86 51
36 86 56
36 86 56
36 86 56
36 86 56
36 86 56
36 86 61
36 86 61
36 86 61
36 86 61
36 86 61
36 86 66
36 86 66
36 86 66
36 86 66
36 86 66
36 86 71
36 86 71
36 86 71
36 86 71
36 86 71
36 86 76
36 86 76
36 86 76
36 86 76
36 86 76
36 91 1
36 91 1
36 91 1
36 91 1
36 91 1
36 91 6
36 91 6
36 91 6
36 91 6
36 91 6
36 91 11
36 91 11
36 91 11
36 91 11
36 91 11
36 91 16
36 91 16
36 91 16
36 91 16
36 91 16
36 91 21
36 91 21
36 91 21
36 91 21
36 91 21
36 91 26
36 91 26
36 91 26
36 91 26
36 91 26
36 91 46
36 91 46
36 91 46
36 91 46
36 91 46
36 91 51
36 91 51
36 91 51
36 91 51
36 91 51
36 91 56
36 91 56
36 91 56
36 91 56
36 91 56
36 91 61
36 91 61
36 91 61
36 91 61
36 91 61
36 91 66
36 91 66
36 91 66
36 91 66
36 91 66
36 91 71
36 91 71
36 91 71
36 91 71
36 91 71
36 91 76
36 91 76
36 91 76
36 91 76
36 91 76
36 91 81
36 91 81
36 91 81
36 91 81
36 91 81
36 96 1
36 96 1
36 96 1
36 96 1
36 96 1
36 96 6
36 96 6
36 96 6
36 96 6
36 96 6
36 96 11
36 96 11
36 96 11
36 96 11
36 96 11
36 96 16
36 96 16
36 96 16
36 96 16
36 96 16
36 96 21
36 96 21
36 96 21
36 96 21
36 96 21
36 96 26
36 96 26
36 96 26
36 96 26
36 96 26
36 96 46
36 96 46
36 96 46
36 96 46
36 96 46
36 96 51
36 96 51
36 96 51
36 96 51
36 96 51
36 96 56
36 96 56
36 96 56
36 96 56
36 96 56
36 96 61
36 96 61
36 96 61
36 96 61
36 96 61
36 96 66
36 96 66
36 96 66
36 96 66
36 96 66
36 96 71
36 96 71
36 96 71
36 96 71
36 96 71
36 96 76
36 96 76
36 96 76
36 96 76
36 96 76
36 96 81
36 96 81
36 96 81
36 96 81
36 96 81
36 96 86
36 96 86
36 96 86
36 96 86
36 96 86
41 51 1
41 51 1
41 51 1
41 51 1
41 51 1
41 51 6
41 51 6
41 51 6
41 51 6
41 51 6
41 51 11
41 51 11
41 51 11
41 51 11
41 51 11
41 51 16
41 51 16
41 51 16
41 51 16
41 51 16
41 51 21
41 51 21
41 51 21
41 51 21
41 51 21
41 51 26
41 51 26
41 51 26
41 51 26
41 51 26
41 51 31
41 51 31
41 51 31
41 51 31
41 51 31
41 56 1
41 56 1
41 56 1
41 56 1
41 56 1
41 56 6
41 56 6
41 56 6
41 56 6
41 56 6
41 56 11
41 56 11
41 56 11
41 56 11
41 56 11
41 56 16
41 56 16
41 56 16
41 56 16
41 56 16
41 56 21
41 56 21
41 56 21
41 56 21
41 56 21
41 56 26
41 56 26
41 56 26
41 56 26
41 56 26
41 56 31
41 56 31
41 56 31
41 56 31
41 56 31
41 61 1
41 61 1
41 61 1
41 61 1
41 61 1
41 61 6
41 61 6
41 61 6
41 61 6
41 61 6
41 61 11
41 61 11
41 61 11
41 61 11
41 61 11
41 61 16
41 61 16
41 61 16
41 61 16
41 61 16
41 61 21
41 61 21
41 61 21
41 61 21
41 61 21
41 61 26
41 61 26
41 61 26
41 61 26
41 61 26
41 61 31
41 61 31
41 61 31
41 61 31
41 61 31
41 61 51
41 61 51
41 61 51
41 61 51
41 61 51
41 66 1
41 66 1
41 66 1
41 66 1
41 66 1
41 66 6
41 66 6
41 66 6
41 66 6
41 66 6
41 66 11
41 66 11
41 66 11
41 66 11
41 66 11
41 66 16
41 66 16
41 66 16
41 66 16
41 66 16
41 66 21
41 66 21
41 66 21
41 66 21
41 66 21
41 66 26
41 66 26
41 66 26
41 66 26
41 66 26
41 66 31
41 66 31
41 66 31
41 66 31
41 66 31
41 66 51
41 66 51
41 66 51
41 66 51
41 66 51
41 66 56
41 66 56
41 66 56
41 66 56
41 66 56
41 71 1
41 71 1
41 71 1
41 71 1
41 71 1
41 71 6
41 71 6
41 71 6
41 71 6
41 71 6
41 71 11
41 71 11
41 71 11
41 71 11
41 71 11
41 71 16
41 71 16
41 71 16
41 71 16
41 71 16
41 71 21
41 71 21
41 71 21
41 71 21
41 71 21
41 71 26
41 71 26
41 71 26
41 71 26
41 71 26
41 71 31
41 71 31
41 71 31
41 71 31
41 71 31
41 71 51
41 71 51
41 71 51
41 71 51
41 71 51
41 71 56
41 71 56
41 71 56
41 71 56
41 71 56
41 71 61
41 71 61
41 71 61
41 71 61
41 71 61
41 76 1
41 76 1
41 76 1
41 76 1
41 76 1
41 76 6
41 76 6
41 76 6
41 76 6
41 76 6
41 76 11
41 76 11
41 76 11
41 76 11
41 76 11
41 76 16
41 76 16
41 76 16
41 76 16
41 76 16
41 76 21
41 76 21
41 76 21
41 76 21
41 76 21
41 76 26
41 76 26
41 76 26
41 76 26
41 76 26
41 76 31
41 76 31
41 76 31
41 76 31
41 76 31
41 76 51
41 76 51
41 76 51
41 76 51
41 76 51
41 76 56
41 76 56
41 76 56
41 76 56
41 76 56
41 76 61
41 76 61
41 76 61
41 76 61
41 76 61
41 76 66
41 76 66
41 76 66
41 76 66
41 76 66
41 81 1
41 81 1
41 81 1
41 81 1
41 81 1
41 81 6
41 81 6
41 81 6
41 81 6
41 81 6
41 81 11
41 81 11
41 81 11
41 81 11
41 81 11
41 81 16
41 81 16
41 81 16
41 81 16
41 81 16
41 81 21
41 81 21
41 81 21
41 81 21
41 81 21
41 81 26
41 81 26
41 81 26
41 81 26
41 81 26
41 81 31
41 81 31
41 81 31
41 81 31
41 81 31
41 81 51
41 81 51
41 81 51
41 81 51
41 81 51
41 81 56
41 81 56
41 81 56
41 81 56
41 81 56
41 81 61
41 81 61
41 81 61
41 81 61
41 81 61
41 81 66
41 81 66
41 81 66
41 81 66
41 81 66
41 81 71
41 81 71
41 81 71
41 81 71
41 81 71
41 86 1
41 86 1
41 86 1
41 86 1
41 86 1
41 86 6
41 86 6
41 86 6
41 86 6
41 86 6
41 86 11
41 86 11
41 86 11
41 86 11
41 86 11
41 86 16
41 86 16
41 86 16
41 86 16
41 86 16
41 86 21
41 86 21
41 86 21
41 86 21
41 86 21
41 86 26
41 86 26
41 86 26
41 86 26
41 86 26
41 86 31
41 86 31
41 86 31
41 86 31
41 86 31
41 86 51
41 86 51
41 86 51
41 86 51
41 86 51
41 86 56
41 86 56
41 86 56
41 86 56
41 86 56
41 86 61
41 86 61
41 86 61
41 86 61
41 86 61
41 86 66
41 86 66
41 86 66
41 86 66
41 86 66
41 86 71
41 86 71
41 86 71
41 86 71
41 86 71
41 86 76
41 86 76
41 86 76
41 86 76
41 86 76
41 91 1
41 91 1
41 91 1
41 91 1
41 91 1
41 91 6
41 91 6
41 91 6
41 91 6
41 91 6
41 91 11
41 91 11
41 91 11
41 91 11
41 91 11
41 91 16
41 91 16
41 91 16
41 91 16
41 91 16
41 91 21
41 91 21
41 91 21
41 91 21
41 91 21
41 91 26
41 91 26
41 91 26
41 91 26
41 91 26
41 91 31
41 91 31
41 91 31
41 91 31
41 91 31
41 91 51
41 91 51
41 91 51
41 91 51
41 91 51
41 91 56
41 91 56
41 91 56
41 91 56
41 91 56
41 91 61
41 91 61
41 91 61
41 91 61
41 91 61
41 91 66
41 91 66
41 91 66
41 91 66
41 91 66
41 91 71
41 91 71
41 91 71
41 91 71
41 91 71
41 91 76
41 91 76
41 91 76
41 91 76
41 91 76
41 91 81
41 91 81
41 91 81
41 91 81
41 91 81
41 96 1
41 96 1
41 96 1
41 96 1
41 96 1
41 96 6
41 96 6
41 96 6
41 96 6
41 96 6
41 96 11
41 96 11
41 96 11
41 96 11
41 96 11
41 96 16
41 96 16
41 96 16
41 96 16
41 96 16
41 96 21
41 96 21
41 96 21
41 96 21
41 96 21
41 96 26
41 96 26
41 96 26
41 96 26
41 96 26
41 96 31
41 96 31
41 96 31
41 96 31
41 96 31
41 96 51
41 96 51
41 96 51
41 96 51
41 96 51
41 96 56
41 96 56
41 96 56
41 96 56
41 96 56
41 96 61
41 96 61
41 96 61
41 96 61
41 96 61
41 96 66
41 96 66
41 96 66
41 96 66
41 96 66
41 96 71
41 96 71
41 96 71
41 96 71
41 96 71
41 96 76
41 96 76
41 96 76
41 96 76
41 96 76
41 96 81
41 96 81
41 96 81
41 96 81
41 96 81
41 96 86
41 96 86
41 96 86
41 96 86
41 96 86
46 56 1
46 56 1
46 56 1
46 56 1
46 56 1
46 56 6
46 56 6
46 56 6
46 56 6
46 56 6
46 56 11
46 56 11
46 56 11
46 56 11
46 56 11
46 56 16
46 56 16
46 56 16
46 56 16
46 56 16
46 56 21
46 56 21
46 56 21
46 56 21
46 56 21
46 56 26
46 56 26
46 56 26
46 56 26
46 56 26
46 56 31
46 56 31
46 56 31
46 56 31
46 56 31
46 56 36
46 56 36
46 56 36
46 56 36
46 56 36
46 61 1
46 61 1
46 61 1
46 61 1
46 61 1
46 61 6
46 61 6
46 61 6
46 61 6
46 61 6
46 61 11
46 61 11
46 61 11
46 61 11
46 61 11
46 61 16
46 61 16
46 61 16
46 61 16
46 61 16
46 61 21
46 61 21
46 61 21
46 61 21
46 61 21
46 61 26
46 61 26
46 61 26
46 61 26
46 61 26
46 61 31
46 61 31
46 61 31
46 61 31
46 61 31
46 61 36
46 61 36
46 61 36
46 61 36
46 61 36
46 66 1
46 66 1
46 66 1
46 66 1
46 66 1
46 66 6
46 66 6
46 66 6
46 66 6
46 66 6
46 66 11
46 66 11
46 66 11
46 66 11
46 66 11
46 66 16
46 66 16
46 66 16
46 66 16
46 66 16
46 66 21
46 66 21
46 66 21
46 66 21
46 66 21
46 66 26
46 66 26
46 66 26
46 66 26
46 66 26
46 66 31
46 66 31
46 66 31
46 66 31
46 66 31
46 66 36
46 66 36
46 66 36
46 66 36
46 66 36
46 66 56
46 66 56
46 66 56
46 66 56
46 66 56
46 71 1
46 71 1
46 71 1
46 71 1
46 71 1
46 71 6
46 71 6
46 71 6
46 71 6
46 71 6
46 71 11
46 71 11
46 71 11
46 71 11
46 71 11
46 71 16
46 71 16
46 71 16
46 71 16
46 71 16
46 71 21
46 71 21
46 71 21
46 71 21
46 71 21
46 71 26
46 71 26
46 71 26
46 71 26
46 71 26
46 71 31
46 71 31
46 71 31
46 71 31
46 71 31
46 71 36
46 71 36
46 71 36
46 71 36
46 71 36
46 71 56
46 71 56
46 71 56
46 71 56
46 71 56
46 71 61
46 71 61
46 71 61
46 71 61
46 71 61
46 76 1
46 76 1
46 76 1
46 76 1
46 76 1
46 76 6
46 76 6
46 76 6
46 76 6
46 76 6
46 76 11
46 76 11
46 76 11
46 76 11
46 76 11
46 76 16
46 76 16
46 76 16
46 76 16
46 76 16
46 76 21
46 76 21
46 76 21
46 76 21
46 76 21
46 76 26
46 76 26
46 76 26
46 76 26
46 76 26
46 76 31
46 76 31
46 76 31
46 76 31
46 76 31
46 76 36
46 76 36
46 76 36
46 76 36
46 76 36
46 76 56
46 76 56
46 76 56
46 76 56
46 76 56
46 76 61
46 76 61
46 76 61
46 76 61
46 76 61
46 76 66
46 76 66
46 76 66
46 76 66
46 76 66
46 81 1
46 81 1
46 81 1
46 81 1
46 81 1
46 81 6
46 81 6
46 81 6
46 81 6
46 81 6
46 81 11
46 81 11
46 81 11
46 81 11
46 81 11
46 81 16
46 81 16
46 81 16
46 81 16
46 81 16
46 81 21
46 81 21
46 81 21
46 81 21
46 81 21
46 81 26
46 81 26
46 81 26
46 81 26
46 81 26
46 81 31
46 81 31
46 81 31
46 81 31
46 81 31
46 81 36
46 81 36
46 81 36
46 81 36
46 81 36
46 81 56
46 81 56
46 81 56
46 81 56
46 81 56
46 81 61
46 81 61
46 81 61
46 81 61
46 81 61
46 81 66
46 81 66
46 81 66
46 81 66
46 81 66
46 81 71
46 81 71
46 81 71
46 81 71
46 81 71
46 86 1
46 86 1
46 86 1
46 86 1
46 86 1
46 86 6
46 86 6
46 86 6
46 86 6
46 86 6
46 86 11
46 86 11
46 86 11
46 86 11
46 86 11
46 86 16
46 86 16
46 86 16
46 86 16
46 86 16
46 86 21
46 86 21
46 86 21
46 86 21
46 86 21
46 86 26
46 86 26
46 86 26
46 86 26
46 86 26
46 86 31
46 86 31
46 86 31
46 86 31
46 86 31
46 86 36
46 86 36
46 86 36
46 86 36
46 86 36
46 86 56
46 86 56
46 86 56
46 86 56
46 86 56
46 86 61
46 86 61
46 86 61
46 86 61
46 86 61
46 86 66
46 86 66
46 86 66
46 86 66
46 86 66
46 86 71
46 86 71
46 86 71
46 86 71
46 86 71
46 86 76
46 86 76
46 86 76
46 86 76
46 86 76
46 91 1
46 91 1
46 91 1
46 91 1
46 91 1
46 91 6
46 91 6
46 91 6
46 91 6
46 91 6
46 91 11
46 91 11
46 91 11
46 91 11
46 91 11
46 91 16
46 91 16
46 91 16
46 91 16
46 91 16
46 91 21
46 91 21
46 91 21
46 91 21
46 91 21
46 91 26
46 91 26
46 91 26
46 91 26
46 91 26
46 91 31
46 91 31
46 91 31
46 91 31
46 91 31
46 91 36
46 91 36
46 91 36
46 91 36
46 91 36
46 91 56
46 91 56
46 91 56
46 91 56
46 91 56
46 91 61
46 91 61
46 91 61
46 91 61
46 91 61
46 91 66
46 91 66
46 91 66
46 91 66
46 91 66
46 91 71
46 91 71
46 91 71
46 91 71
46 91 71
46 91 76
46 91 76
46 91 76
46 91 76
46 91 76
46 91 81
46 91 81
46 91 81
46 91 81
46 91 81
46 96 1
46 96 1
46 96 1
46 96 1
46 96 1
46 96 6
46 96 6
46 96 6
46 96 6
46 96 6
46 96 11
46 96 11
46 96 11
46 96 11
46 96 11
46 96 16
46 96 16
46 96 16
46 96 16
46 96 16
46 96 21
46 96 21
46 96 21
46 96 21
46 96 21
46 96 26
46 96 26
46 96 26
46 96 26
46 96 26
46 96 31
46 96 31
46 96 31
46 96 31
46 96 31
46 96 36
46 96 36
46 96 36
46 96 36
46 96 36
46 96 56
46 96 56
46 96 56
46 96 56
46 96 56
46 96 61
46 96 61
46 96 61
46 96 61
46 96 61
46 96 66
46 96 66
46 96 66
46 96 66
46 96 66
46 96 71
46 96 71
46 96 71
46 96 71
46 96 71
46 96 76
46 96 76
46 96 76
46 96 76
46 96 76
46 96 81
46 96 81
46 96 81
46 96 81
46 96 81
46 96 86
46 96 86
46 96 86
46 96 86
46 96 86
51 61 1
51 61 1
51 61 1
51 61 1
51 61 1
51 61 6
51 61 6
51 61 6
51 61 6
51 61 6
51 61 11
51 61 11
51 61 11
51 61 11
51 61 11
51 61 16
51 61 16
51 61 16
51 61 16
51 61 16
51 61 21
51 61 21
51 61 21
51 61 21
51 61 21
51 61 26
51 61 26
51 61 26
51 61 26
51 61 26
51 61 31
51 61 31
51 61 31
51 61 31
51 61 31
51 61 36
51 61 36
51 61 36
51 61 36
51 61 36
51 61 41
51 61 41
51 61 41
51 61 41
51 61 41
51 66 1
51 66 1
51 66 1
51 66 1
51 66 1
51 66 6
51 66 6
51 66 6
51 66 6
51 66 6
51 66 11
51 66 11
51 66 11
51 66 11
51 66 11
51 66 16
51 66 16
51 66 16
51 66 16
51 66 16
51 66 21
51 66 21
51 66 21
51 66 21
51 66 21
51 66 26
51 66 26
51 66 26
51 66 26
51 66 26
51 66 31
51 66 31
51 66 31
51 66 31
51 66 31
51 66 36
51 66 36
51 66 36
51 66 36
51 66 36
51 66 41
51 66 41
51 66 41
51 66 41
51 66 41
51 71 1
51 71 1
51 71 1
51 71 1
51 71 1
51 71 6
51 71 6
51 71 6
51 71 6
51 71 6
51 71 11
51 71 11
51 71 11
51 71 11
51 71 11
51 71 16
51 71 16
51 71 16
51 71 16
51 71 16
51 71 21
51 71 21
51 71 21
51 71 21
51 71 21
51 71 26
51 71 26
51 71 26
51 71 26
51 71 26
51 71 31
51 71 31
51 71 31
51 71 31
51 71 31
51 71 36
51 71 36
51 71 36
51 71 36
51 71 36
51 71 41
51 71 41
51 71 41
51 71 41
51 71 41
51 71 61
51 71 61
51 71 61
51 71 61
51 71 61
51 76 1
51 76 1
51 76 1
51 76 1
51 76 1
51 76 6
51 76 6
51 76 6
51 76 6
51 76 6
51 76 11
51 76 11
51 76 11
51 76 11
51 76 11
51 76 16
51 76 16
51 76 16
51 76 16
51 76 16
51 76 21
51 76 21
51 76 21
51 76 21
51 76 21
51 76 26
51 76 26
51 76 26
51 76 26
51 76 26
51 76 31
51 76 31
51 76 31
51 76 31
51 76 31
51 76 36
51 76 36
51 76 36
51 76 36
51 76 36
51 76 41
51 76 41
51 76 41
51 76 41
51 76 41
51 76 61
51 76 61
51 76 61
51 76 61
51 76 61
51 76 66
51 76 66
51 76 66
51 76 66
51 76 66
51 81 1
51 81 1
51 81 1
51 81 1
51 81 1
51 81 6
51 81 6
51 81 6
51 81 6
51 81 6
51 81 11
51 81 11
51 81 11
51 81 11
51 81 11
51 81 16
51 81 16
51 81 16
51 81 16
51 81 16
51 81 21
51 81 21
51 81 21
51 81 21
51 81 21
51 81 26
51 81 26
51 81 26
51 81 26
51 81 26
51 81 31
51 81 31
51 81 31
51 81 31
51 81 31
51 81 36
51 81 36
51 81 36
51 81 36
51 81 36
51 81 41
51 81 41
51 81 41
51 81 41
51 81 41
51 81 61
51 81 61
51 81 61
51 81 61
51 81 61
51 81 66
51 81 66
51 81 66
51 81 66
51 81 66
51 81 71
51 81 71
51 81 71
51 81 71
51 81 71
51 86 1
51 86 1
51 86 1
51 86 1
51 86 1
51 86 6
51 86 6
51 86 6
51 86 6
51 86 6
51 86 11
51 86 11
51 86 11
51 86 11
51 86 11
51 86 16
51 86 16
51 86 16
51 86 16
51 86 16
51 86 21
51 86 21
51 86 21
51 86 21
51 86 21
51 86 26
51 86 26
51 86 26
51 86 26
51 86 26
51 86 31
51 86 31
51 86 31
51 86 31
51 86 31
51 86 36
51 86 36
51 86 36
51 86 36
51 86 36
51 86 41
51 86 41
51 86 41
51 86 41
51 86 41
51 86 61
51 86 61
51 86 61
51 86 61
51 86 61
51 86 66
51 86 66
51 86 66
51 86 66
51 86 66
51 86 71
51 86 71
51 86 71
51 86 71
51 86 71
51 86 76
51 86 76
51 86 76
51 86 76
51 86 76
51 91 1
51 91 1
51 91 1
51 91 1
51 91 1
51 91 6
51 91 6
51 91 6
51 91 6
51 91 6
51 91 11
51 91 11
51 91 11
51 91 11
51 91 11
51 91 16
51 91 16
51 91 16
51 91 16
51 91 16
51 91 21
51 91 21
51 91 21
51 91 21
51 91 21
51 91 26
51 91 26
51 91 26
51 91 26
51 91 26
51 91 31
51 91 31
51 91 31
51 91 31
51 91 31
51 91 36
51 91 36
51 91 36
51 91 36
51 91 36
51 91 41
51 91 41
51 91 41
51 91 41
51 91 41
51 91 61
51 91 61
51 91 61
51 91 61
51 91 61
51 91 66
51 91 66
51 91 66
51 91 66
51 91 66
51 91 71
51 91 71
51 91 71
51 91 71
51 91 71
51 91 76
51 91 76
51 91 76
51 91 76
51 91 76
51 91 81
51 91 81
51 91 81
51 91 81
51 91 81
51 96 1
51 96 1
51 96 1
51 96 1
51 96 1
51 96 6
51 96 6
51 96 6
51 96 6
51 96 6
51 96 11
51 96 11
51 96 11
51 96 11
51 96 11
51 96 16
51 96 16
51 96 16
51 96 16
51 96 16
51 96 21
51 96 21
51 96 21
51 96 21
51 96 21
51 96 26
51 96 26
51 96 26
51 96 26
51 96 26
51 96 31
51 96 31
51 96 31
51 96 31
51 96 31
51 96 36
51 96 36
51 96 36
51 96 36
51 96 36
51 96 41
51 96 41
51 96 41
51 96 41
51 96 41
51 96 61
51 96 61
51 96 61
51 96 61
51 96 61
51 96 66
51 96 66
51 96 66
51 96 66
51 96 66
51 96 71
51 96 71
51 96 71
51 96 71
51 96 71
51 96 76
51 96 76
51 96 76
51 96 76
51 96 76
51 96 81
51 96 81
51 96 81
51 96 81
51 96 81
51 96 86
51 96 86
51 96 86
51 96 86
51 96 86
56 66 1
56 66 1
56 66 1
56 66 1
56 66 1
56 66 6
56 66 6
56 66 6
56 66 6
56 66 6
56 66 11
56 66 11
56 66 11
56 66 11
56 66 11
56 66 16
56 66 16
56 66 16
56 66 16
56 66 16
56 66 21
56 66 21
56 66 21
56 66 21
56 66 21
56 66 26
56 66 26
56 66 26
56 66 26
56 66 26
56 66 31
56 66 31
56 66 31
56 66 31
56 66 31
56 66 36
56 66 36
56 66 36
56 66 36
56 66 36
56 66 41
56 66 41
56 66 41
56 66 41
56 66 41
56 66 46
56 66 46
56 66 46
56 66 46
56 66 46
56 71 1
56 71 1
56 71 1
56 71 1
56 71 1
56 71 6
56 71 6
56 71 6
56 71 6
56 71 6
56 71 11
56 71 11
56 71 11
56 71 11
56 71 11
56 71 16
56 71 16
56 71 16
56 71 16
56 71 16
56 71 21
56 71 21
56 71 21
56 71 21
56 71 21
56 71 26
56 71 26
56 71 26
56 71 26
56 71 26
56 71 31
56 71 31
56 71 31
56 71 31
56 71 31
56 71 36
56 71 36
56 71 36
56 71 36
56 71 36
56 71 41
56 71 41
56 71 41
56 71 41
56 71 41
56 71 46
56 71 46
56 71 46
56 71 46
56 71 46
56 76 1
56 76 1
56 76 1
56 76 1
56 76 1
56 76 6
56 76 6
56 76 6
56 76 6
56 76 6
56 76 11
56 76 11
56 76 11
56 76 11
56 76 11
56 76 16
56 76 16
56 76 16
56 76 16
56 76 16
56 76 21
56 76 21
56 76 21
56 76 21
56 76 21
56 76 26
56 76 26
56 76 26
56 76 26
56 76 26
56 76 31
56 76 31
56 76 31
56 76 31
56 76 31
56 76 36
56 76 36
56 76 36
56 76 36
56 76 36
56 76 41
56 76 41
56 76 41
56 76 41
56 76 41
56 76 46
56 76 46
56 76 46
56 76 46
56 76 46
56 76 66
56 76 66
56 76 66
56 76 66
56 76 66
56 81 1
56 81 1
56 81 1
56 81 1
56 81 1
56 81 6
56 81 6
56 81 6
56 81 6
56 81 6
56 81 11
56 81 11
56 81 11
56 81 11
56 81 11
56 81 16
56 81 16
56 81 16
56 81 16
56 81 16
56 81 21
56 81 21
56 81 21
56 81 21
56 81 21
56 81 26
56 81 26
56 81 26
56 81 26
56 81 26
56 81 31
56 81 31
56 81 31
56 81 31
56 81 31
56 81 36
56 81 36
56 81 36
56 81 36
56 81 36
56 81 41
56 81 41
56 81 41
56 81 41
56 81 41
56 81 46
56 81 46
56 81 46
56 81 46
56 81 46
56 81 66
56 81 66
56 81 66
56 81 66
56 81 66
56 81 71
56 81 71
56 81 71
56 81 71
56 81 71
56 86 1
56 86 1
56 86 1
56 86 1
56 86 1
56 86 6
56 86 6
56 86 6
56 86 6
56 86 6
56 86 11
56 86 11
56 86 11
56 86 11
56 86 11
56 86 16
56 86 16
56 86 16
56 86 16
56 86 16
56 86 21
56 86 21
56 86 21
56 86 21
56 86 21
56 86 26
56 86 26
56 86 26
56 86 26
56 86 26
56 86 31
56 86 31
56 86 31
56 86 31
56 86 31
56 86 36
56 86 36
56 86 36
56 86 36
56 86 36
56 86 41
56 86 41
56 86 41
56 86 41
56 86 41
56 86 46
56 86 46
56 86 46
56 86 46
56 86 46
56 86 66
56 86 66
56 86 66
56 86 66
56 86 66
56 86 71
56 86 71
56 86 71
56 86 71
56 86 71
56 86 76
56 86 76
56 86 76
56 86 76
56 86 76
56 91 1
56 91 1
56 91 1
56 91 1
56 91 1
56 91 6
56 91 6
56 91 6
56 91 6
56 91 6
56 91 11
56 91 11
56 91 11
56 91 11
56 91 11
56 91 16
56 91 16
56 91 16
56 91 16
56 91 16
56 91 21
56 91 21
56 91 21
56 91 21
56 91 21
56 91 26
56 91 26
56 91 26
56 91 26
56 91 26
56 91 31
56 91 31
56 91 31
56 91 31
56 91 31
56 91 36
56 91 36
56 91 36
56 91 36
56 91 36
56 91 41
56 91 41
56 91 41
56 91 41
56 91 41
56 91 46
56 91 46
56 91 46
56 91 46
56 91 46
56 91 66
56 91 66
56 91 66
56 91 66
56 91 66
56 91 71
56 91 71
56 91 71
56 91 71
56 91 71
56 91 76
56 91 76
56 91 76
56 91 76
56 91 76
56 91 81
56 91 81
56 91 81
56 91 81
56 91 81
56 96 1
56 96 1
56 96 1
56 96 1
56 96 1
56 96 6
56 96 6
56 96 6
56 96 6
56 96 6
56 96 11
56 96 11
56 96 11
56 96 11
56 96 11
56 96 16
56 96 16
56 96 16
56 96 16
56 96 16
56 96 21
56 96 21
56 96 21
56 96 21
56 96 21
56 96 26
56 96 26
56 96 26
56 96 26
56 96 26
56 96 31
56 96 31
56 96 31
56 96 31
56 96 31
56 96 36
56 96 36
56 96 36
56 96 36
56 96 36
56 96 41
56 96 41
56 96 41
56 96 41
56 96 41
56 96 46
56 96 46
56 96 46
56 96 46
56 96 46
56 96 66
56 96 66
56 96 66
56 96 66
56 96 66
56 96 71
56 96 71
56 96 71
56 96 71
56 96 71
56 96 76
56 96 76
56 96 76
56 96 76
56 96 76
56 96 81
56 96 81
56 96 81
56 96 81
56 96 81
56 96 86
56 96 86
56 96 86
56 96 86
56 96 86
61 71 1
61 71 1
61 71 1
61 71 1
61 71 1
61 71 6
61 71 6
61 71 6
61 71 6
61 71 6
61 71 11
61 71 11
61 71 11
61 71 11
61 71 11
61 71 16
61 71 16
61 71 16
61 71 16
61 71 16
61 71 21
61 71 21
61 71 21
61 71 21
61 71 21
61 71 26
61 71 26
61 71 26
61 71 26
61 71 26
61 71 31
61 71 31
61 71 31
61 71 31
61 71 31
61 71 36
61 71 36
61 71 36
61 71 36
61 71 36
61 71 41
61 71 41
61 71 41
61 71 41
61 71 41
61 71 46
61 71 46
61 71 46
61 71 46
61 71 46
61 71 51
61 71 51
61 71 51
61 71 51
61 71 51
61 76 1
61 76 1
61 76 1
61 76 1
61 76 1
61 76 6
61 76 6
61 76 6
61 76 6
61 76 6
61 76 11
61 76 11
61 76 11
61 76 11
61 76 11
61 76 16
61 76 16
61 76 16
61 76 16
61 76 16
61 76 21
61 76 21
61 76 21
61 76 21
61 76 21
61 76 26
61 76 26
61 76 26
61 76 26
61 76 26
61 76 31
61 76 31
61 76 31
61 76 31
61 76 31
61 76 36
61 76 36
61 76 36
61 76 36
61 76 36
61 76 41
61 76 41
61 76 41
61 76 41
61 76 41
61 76 46
61 76 46
61 76 46
61 76 46
61 76 46
61 76 51
61 76 51
61 76 51
61 76 51
61 76 51
61 81 1
61 81 1
61 81 1
61 81 1
61 81 1
61 81 6
61 81 6
61 81 6
61 81 6
61 81 6
61 81 11
61 81 11
61 81 11
61 81 11
61 81 11
61 81 16
61 81 16
61 81 16
61 81 16
61 81 16
61 81 21
61 81 21
61 81 21
61 81 21
61 81 21
61 81 26
61 81 26
61 81 26
61 81 26
61 81 26
61 81 31
61 81 31
61 81 31
61 81 31
61 81 31
61 81 36
61 81 36
61 81 36
61 81 36
61 81 36
61 81 41
61 81 41
61 81 41
61 81 41
61 81 41
61 81 46
61 81 46
61 81 46
61 81 46
61 81 46
61 81 51
61 81 51
61 81 51
61 81 51
61 81 51
61 81 71
61 81 71
61 81 71
61 81 71
61 81 71
61 86 1
61 86 1
61 86 1
61 86 1
61 86 1
61 86 6
61 86 6
61 86 6
61 86 6
61 86 6
61 86 11
61 86 11
61 86 11
61 86 11
61 86 11
61 86 16
61 86 16
61 86 16
61 86 16
61 86 16
61 86 21
61 86 21
61 86 21
61 86 21
61 86 21
61 86 26
61 86 26
61 86 26
61 86 26
61 86 26
61 86 31
61 86 31
61 86 31
61 86 31
61 86 31
61 86 36
61 86 36
61 86 36
61 86 36
61 86 36
61 86 41
61 86 41
61 86 41
61 86 41
61 86 41
61 86 46
61 86 46
61 86 46
61 86 46
61 86 46
61 86 51
61 86 51
61 86 51
61 86 51
61 86 51
61 86 71
61 86 71
61 86 71
61 86 71
61 86 71
61 86 76
61 86 76
61 86 76
61 86 76
61 86 76
61 91 1
61 91 1
61 91 1
61 91 1
61 91 1
61 91 6
61 91 6
61 91 6
61 91 6
61 91 6
61 91 11
61 91 11
61 91 11
61 91 11
61 91 11
61 91 16
61 91 16
61 91 16
61 91 16
61 91 16
61 91 21
61 91 21
61 91 21
61 91 21
61 91 21
61 91 26
61 91 26
61 91 26
61 91 26
61 91 26
61 91 31
61 91 31
61 91 31
61 91 31
61 91 31
61 91 36
61 91 36
61 91 36
61 91 36
61 91 36
61 91 41
61 91 41
61 91 41
61 91 41
61 91 41
61 91 46
61 91 46
61 91 46
61 91 46
61 91 46
61 91 51
61 91 51
61 91 51
61 91 51
61 91 51
61 91 71
61 91 71
61 91 71
61 91 71
61 91 71
61 91 76
61 91 76
61 91 76
61 91 76
61 91 76
61 91 81
61 91 81
61 91 81
61 91 81
61 91 81
61 96 1
61 96 1
61 96 1
61 96 1
61 96 1
61 96 6
61 96 6
61 96 6
61 96 6
61 96 6
61 96 11
61 96 11
61 96 11
61 96 11
61 96 11
61 96 16
61 96 16
61 96 16
61 96 16
61 96 16
61 96 21
61 96 21
61 96 21
61 96 21
61 96 21
61 96 26
61 96 26
61 96 26
61 96 26
61 96 26
61 96 31
61 96 31
61 96 31
61 96 31
61 96 31
61 96 36
61 96 36
61 96 36
61 96 36
61 96 36
61 96 41
61 96 41
61 96 41
61 96 41
61 96 41
61 96 46
61 96 46
61 96 46
61 96 46
61 96 46
61 96 51
61 96 51
61 96 51
61 96 51
61 96 51
61 96 71
61 96 71
61 96 71
61 96 71
61 96 71
61 96 76
61 96 76
61 96 76
61 96 76
61 96 76
61 96 81
61 96 81
61 96 81
61 96 81
61 96 81
61 96 86
61 96 86
61 96 86
61 96 86
61 96 86
66 76 1
66 76 1
66 76 1
66 76 1
66 76 1
66 76 6
66 76 6
66 76 6
66 76 6
66 76 6
66 76 11
66 76 11
66 76 11
66 76 11
66 76 11
66 76 16
66 76 16
66 76 16
66 76 16
66 76 16
66 76 21
66 76 21
66 76 21
66 76 21
66 76 21
66 76 26
66 76 26
66 76 26
66 76 26
66 76 26
66 76 31
66 76 31
66 76 31
66 76 31
66 76 31
66 76 36
66 76 36
66 76 36
66 76 36
66 76 36
66 76 41
66 76 41
66 76 41
66 76 41
66 76 41
66 76 46
66 76 46
66 76 46
66 76 46
66 76 46
66 76 51
66 76 51
66 76 51
66 76 51
66 76 51
66 76 56
66 76 56
66 76 56
66 76 56
66 76 56
66 81 1
66 81 1
66 81 1
66 81 1
66 81 1
66 81 6
66 81 6
66 81 6
66 81 6
66 81 6
66 81 11
66 81 11
66 81 11
66 81 11
66 81 11
66 81 16
66 81 16
66 81 16
66 81 16
66 81 16
66 81 21
66 81 21
66 81 21
66 81 21
66 81 21
66 81 26
66 81 26
66 81 26
66 81 26
66 81 26
66 81 31
66 81 31
66 81 31
66 81 31
66 81 31
66 81 36
66 81 36
66 81 36
66 81 36
66 81 36
66 81 41
66 81 41
66 81 41
66 81 41
66 81 41
66 81 46
66 81 46
66 81 46
66 81 46
66 81 46
66 81 51
66 81 51
66 81 51
66 81 51
66 81 51
66 81 56
66 81 56
66 81 56
66 81 56
66 81 56
66 86 1
66 86 1
66 86 1
66 86 1
66 86 1
66 86 6
66 86 6
66 86 6
66 86 6
66 86 6
66 86 11
66 86 11
66 86 11
66 86 11
66 86 11
66 86 16
66 86 16
66 86 16
66 86 16
66 86 16
66 86 21
66 86 21
66 86 21
66 86 21
66 86 21
66 86 26
66 86 26
66 86 26
66 86 26
66 86 26
66 86 31
66 86 31
66 86 31
66 86 31
66 86 31
66 86 36
66 86 36
66 86 36
66 86 36
66 86 36
66 86 41
66 86 41
66 86 41
66 86 41
66 86 41
66 86 46
66 86 46
66 86 46
66 86 46
66 86 46
66 86 51
66 86 51
66 86 51
66 86 51
66 86 51
66 86 56
66 86 56
66 86 56
66 86 56
66 86 56
66 86 76
66 86 76
66 86 76
66 86 76
66 86 76
66 91 1
66 91 1
66 91 1
66 91 1
66 91 1
66 91 6
66 91 6
66 91 6
66 91 6
66 91 6
66 91 11
66 91 11
66 91 11
66 91 11
66 91 11
66 91 16
66 91 16
66 91 16
66 91 16
66 91 16
66 91 21
66 91 21
66 91 21
66 91 21
66 91 21
66 91 26
66 91 26
66 91 26
66 91 26
66 91 26
66 91 31
66 91 31
66 91 31
66 91 31
66 91 31
66 91 36
66 91 36
66 91 36
66 91 36
66 91 36
66 91 41
66 91 41
66 91 41
66 91 41
66 91 41
66 91 46
66 91 46
66 91 46
66 91 46
66 91 46
66 91 51
66 91 51
66 91 51
66 91 51
66 91 51
66 91 56
66 91 56
66 91 56
66 91 56
66 91 56
66 91 76
66 91 76
66 91 76
66 91 76
66 91 76
66 91 81
66 91 81
66 91 81
66 91 81
66 91 81
66 96 1
66 96 1
66 96 1
66 96 1
66 96 1
66 96 6
66 96 6
66 96 6
66 96 6
66 96 6
66 96 11
66 96 11
66 96 11
66 96 11
66 96 11
66 96 16
66 96 16
66 96 16
66 96 16
66 96 16
66 96 21
66 96 21
66 96 21
66 96 21
66 96 21
66 96 26
66 96 26
66 96 26
66 96 26
66 96 26
66 96 31
66 96 31
66 96 31
66 96 31
66 96 31
66 96 36
66 96 36
66 96 36
66 96 36
66 96 36
66 96 41
66 96 41
66 96 41
66 96 41
66 96 41
66 96 46
66 96 46
66 96 46
66 96 46
66 96 46
66 96 51
66 96 51
66 96 51
66 96 51
66 96 51
66 96 56
66 96 56
66 96 56
66 96 56
66 96 56
66 96 76
66 96 76
66 96 76
66 96 76
66 96 76
66 96 81
66 96 81
66 96 81
66 96 81
66 96 81
66 96 86
66 96 86
66 96 86
66 96 86
66 96 86
71 81 1
71 81 1
71 81 1
71 81 1
71 81 1
71 81 6
71 81 6
71 81 6
71 81 6
71 81 6
71 81 11
71 81 11
71 81 11
71 81 11
71 81 11
71 81 16
71 81 16
71 81 16
71 81 16
71 81 16
71 81 21
71 81 21
71 81 21
71 81 21
71 81 21
71 81 26
71 81 26
71 81 26
71 81 26
71 81 26
71 81 31
71 81 31
71 81 31
71 81 31
71 81 31
71 81 36
71 81 36
71 81 36
71 81 36
71 81 36
71 81 41
71 81 41
71 81 41
71 81 41
71 81 41
71 81 46
71 81 46
71 81 46
71 81 46
71 81 46
71 81 51
71 81 51
71 81 51
71 81 51
71 81 51
71 81 56
71 81 56
71 81 56
71 81 56
71 81 56
71 81 61
71 81 61
71 81 61
71 81 61
71 81 61
71 86 1
71 86 1
71 86 1
71 86 1
71 86 1
71 86 6
71 86 6
71 86 6
71 86 6
71 86 6
71 86 11
71 86 11
71 86 11
71 86 11
71 86 11
71 86 16
71 86 16
71 86 16
71 86 16
71 86 16
71 86 21
71 86 21
71 86 21
71 86 21
71 86 21
71 86 26
71 86 26
71 86 26
71 86 26
71 86 26
71 86 31
71 86 31
71 86 31
71 86 31
71 86 31
71 86 36
71 86 36
71 86 36
71 86 36
71 86 36
71 86 41
71 86 41
71 86 41
71 86 41
71 86 41
71 86 46
71 86 46
71 86 46
71 86 46
71 86 46
71 86 51
71 86 51
71 86 51
71 86 51
71 86 51
71 86 56
71 86 56
71 86 56
71 86 56
71 86 56
71 86 61
71 86 61
71 86 61
71 86 61
71 86 61
71 91 1
71 91 1
71 91 1
71 91 1
71 91 1
71 91 6
71 91 6
71 91 6
71 91 6
71 91 6
71 91 11
71 91 11
71 91 11
71 91 11
71 91 11
71 91 16
71 91 16
71 91 16
71 91 16
71 91 16
71 91 21
71 91 21
71 91 21
71 91 21
71 91 21
71 91 26
71 91 26
71 91 26
71 91 26
71 91 26
71 91 31
71 91 31
71 91 31
71 91 31
71 91 31
71 91 36
71 91 36
71 91 36
71 91 36
71 91 36
71 91 41
71 91 41
71 91 41
71 91 41
71 91 41
71 91 46
71 91 46
71 91 46
71 91 46
71 91 46
71 91 51
71 91 51
71 91 51
71 91 51
71 91 51
71 91 56
71 91 56
71 91 56
71 91 56
71 91 56
71 91 61
71 91 61
71 91 61
71 91 61
71 91 61
71 91 81
71 91 81
71 91 81
71 91 81
71 91 81
71 96 1
71 96 1
71 96 1
71 96 1
71 96 1
71 96 6
71 96 6
71 96 6
71 96 6
71 96 6
71 96 11
71 96 11
71 96 11
71 96 11
71 96 11
71 96 16
71 96 16
71 96 16
71 96 16
71 96 16
71 96 21
71 96 21
71 96 21
71 96 21
71 96 21
71 96 26
71 96 26
71 96 26
71 96 26
71 96 26
71 96 31
71 96 31
71 96 31
71 96 31
71 96 31
71 96 36
71 96 36
71 96 36
71 96 36
71 96 36
71 96 41
71 96 41
71 96 41
71 96 41
71 96 41
71 96 46
71 96 46
71 96 46
71 96 46
71 96 46
71 96 51
71 96 51
71 96 51
71 96 51
71 96 51
71 96 56
71 96 56
71 96 56
71 96 56
71 96 56
71 96 61
71 96 61
71 96 61
71 96 61
71 96 61
71 96 81
71 96 81
71 96 81
71 96 81
71 96 81
71 96 86
71 96 86
71 96 86
71 96 86
71 96 86
76 86 1
76 86 1
76 86 1
76 86 1
76 86 1
76 86 6
76 86 6
76 86 6
76 86 6
76 86 6
76 86 11
76 86 11
76 86 11
76 86 11
76 86 11
76 86 16
76 86 16
76 86 16
76 86 16
76 86 16
76 86 21
76 86 21
76 86 21
76 86 21
76 86 21
76 86 26
76 86 26
76 86 26
76 86 26
76 86 26
76 86 31
76 86 31
76 86 31
76 86 31
76 86 31
76 86 36
76 86 36
76 86 36
76 86 36
76 86 36
76 86 41
76 86 41
76 86 41
76 86 41
76 86 41
76 86 46
76 86 46
76 86 46
76 86 46
76 86 46
76 86 51
76 86 51
76 86 51
76 86 51
76 86 51
76 86 56
76 86 56
76 86 56
76 86 56
76 86 56
76 86 61
76 86 61
76 86 61
76 86 61
76 86 61
76 86 66
76 86 66
76 86 66
76 86 66
76 86 66
76 91 1
76 91 1
76 91 1
76 91 1
76 91 1
76 91 6
76 91 6
76 91 6
76 91 6
76 91 6
76 91 11
76 91 11
76 91 11
76 91 11
76 91 11
76 91 16
76 91 16
76 91 16
76 91 16
76 91 16
76 91 21
76 91 21
76 91 21
76 91 21
76 91 21
76 91 26
76 91 26
76 91 26
76 91 26
76 91 26
76 91 31
76 91 31
76 91 31
76 91 31
76 91 31
76 91 36
76 91 36
76 91 36
76 91 36
76 91 36
76 91 41
76 91 41
76 91 41
76 91 41
76 91 41
76 91 46
76 91 46
76 91 46
76 91 46
76 91 46
76 91 51
76 91 51
76 91 51
76 91 51
76 91 51
76 91 56
76 91 56
76 91 56
76 91 56
76 91 56
76 91 61
76 91 61
76 91 61
76 91 61
76 91 61
76 91 66
76 91 66
76 91 66
76 91 66
76 91 66
76 96 1
76 96 1
76 96 1
76 96 1
76 96 1
76 96 6
76 96 6
76 96 6
76 96 6
76 96 6
76 96 11
76 96 11
76 96 11
76 96 11
76 96 11
76 96 16
76 96 16
76 96 16
76 96 16
76 96 16
76 96 21
76 96 21
76 96 21
76 96 21
76 96 21
76 96 26
76 96 26
76 96 26
76 96 26
76 96 26
76 96 31
76 96 31
76 96 31
76 96 31
76 96 31
76 96 36
76 96 36
76 96 36
76 96 36
76 96 36
76 96 41
76 96 41
76 96 41
76 96 41
76 96 41
76 96 46
76 96 46
76 96 46
76 96 46
76 96 46
76 96 51
76 96 51
76 96 51
76 96 51
76 96 51
76 96 56
76 96 56
76 96 56
76 96 56
76 96 56
76 96 61
76 96 61
76 96 61
76 96 61
76 96 61
76 96 66
76 96 66
76 96 66
76 96 66
76 96 66
76 96 86
76 96 86
76 96 86
76 96 86
76 96 86
81 91 1
81 91 1
81 91 1
81 91 1
81 91 1
81 91 6
81 91 6
81 91 6
81 91 6
81 91 6
81 91 11
81 91 11
81 91 11
81 91 11
81 91 11
81 91 16
81 91 16
81 91 16
81 91 16
81 91 16
81 91 21
81 91 21
81 91 21
81 91 21
81 91 21
81 91 26
81 91 26
81 91 26
81 91 26
81 91 26
81 91 31
81 91 31
81 91 31
81 91 31
81 91 31
81 91 36
81 91 36
81 91 36
81 91 36
81 91 36
81 91 41
81 91 41
81 91 41
81 91 41
81 91 41
81 91 46
81 91 46
81 91 46
81 91 46
81 91 46
81 91 51
81 91 51
81 91 51
81 91 51
81 91 51
81 91 56
81 91 56
81 91 56
81 91 56
81 91 56
81 91 61
81 91 61
81 91 61
81 91 61
81 91 61
81 91 66
81 91 66
81 91 66
81 91 66
81 91 66
81 91 71
81 91 71
81 91 71
81 91 71
81 91 71
81 96 1
81 96 1
81 96 1
81 96 1
81 96 1
81 96 6
81 96 6
81 96 6
81 96 6
81 96 6
81 96 11
81 96 11
81 96 11
81 96 11
81 96 11
81 96 16
81 96 16
81 96 16
81 96 16
81 96 16
81 96 21
81 96 21
81 96 21
81 96 21
81 96 21
81 96 26
81 96 26
81 96 26
81 96 26
81 96 26
81 96 31
81 96 31
81 96 31
81 96 31
81 96 31
81 96 36
81 96 36
81 96 36
81 96 36
81 96 36
81 96 41
81 96 41
81 96 41
81 96 41
81 96 41
81 96 46
81 96 46
81 96 46
81 96 46
81 96 46
81 96 51
81 96 51
81 96 51
81 96 51
81 96 51
81 96 56
81 96 56
81 96 56
81 96 56
81 96 56
81 96 61
81 96 61
81 96 61
81 96 61
81 96 61
81 96 66
81 96 66
81 96 66
81 96 66
81 96 66
81 96 71
81 96 71
81 96 71
81 96 71
81 96 71
86 96 1
86 96 1
86 96 1
86 96 1
86 96 1
86 96 6
86 96 6
86 96 6
86 96 6
86 96 6
86 96 11
86 96 11
86 96 11
86 96 11
86 96 11
86 96 16
86 96 16
86 96 16
86 96 16
86 96 16
86 96 21
86 96 21
86 96 21
86 96 21
86 96 21
86 96 26
86 96 26
86 96 26
86 96 26
86 96 26
86 96 31
86 96 31
86 96 31
86 96 31
86 96 31
86 96 36
86 96 36
86 96 36
86 96 36
86 96 36
86 96 41
86 96 41
86 96 41
86 96 41
86 96 41
86 96 46
86 96 46
86 96 46
86 96 46
86 96 46
86 96 51
86 96 51
86 96 51
86 96 51
86 96 51
86 96 56
86 96 56
86 96 56
86 96 56
86 96 56
86 96 61
86 96 61
86 96 61
86 96 61
86 96 61
86 96 66
86 96 66
86 96 66
86 96 66
86 96 66
86 96 71
86 96 71
86 96 71
86 96 71
86 96 71
86 96 76
86 96 76
86 96 76
86 96 76
86 96 76
