*tsd1*
18262
16958
15689
14462.3
13283.0
12156.8
11085.7
10069.2
9106.6
8196.9
7339.1
6533.6
5781.0
5084.0
4445.0
3866.4
3351.1
2900.8
2514.5 
2199.6 
1936.5 
1739.9
tsd1={18262,16958,15689,14462.3,13283.0,12156.8,11085.7,10069.2,9106.6,8196.9,7339.1,6533.6,5781.0,5084.0,4445.0,3866.4,3351.1,2900.8,2514.5 ,2199.6 ,1936.5 ,1739.9};

*tsd2*
16531
15284
14086.5
12943.5
11854.6
10819.9
9839.7
8913.2
8040.3
7220.4
6454.2
5742.9
5088.3
4492.6
3958.3
3486.6
3079.3
tsd2={16531,15284,14086.5,12943.5,11854.6,10819.9,9839.7,8913.2,8040.3,7220.4,6454.2,5742.9,5088.3,4492.6,3958.3,3486.6,3079.3};

*tsd3*
14826
13679.1
12566.7
11503.7
10494.5
9538.7
8636.2
7786.4
6990.5
6249.3
5564.2
4937.2
4369.2
3863.6
tsd3={14826,13679.1,12566.7,11503.7,10494.5,9538.7,8636.2,7786.4,6990.5,6249.3,5564.2,4937.2,4369.2,3863.6};


*tsd4*
14110
13025.0
11993.4
11017.7
10097.2
9231.8
8421.8 
7667.2
6965.0 
6319.9
tsd4={14110,13025.0,11993.4,11017.7,10097.2,9231.8,8421.8 ,7667.2,6965.0 ,6319.9};